chr	start	end	ref	alt	n_fm	n_ho_fm	n_he_fm	n_ig2p_fm	n_ca	n_ho_ca	n_he_ca	n_ig2p_ca	n_h	n_ho_h	n_he_h	n_ig2p_h	n_son2parent_ig	p_fm	p_ho_fm	p_he_fm	p_ig2p_fm	p_ca	p_ho_ca	p_he_ca	p_ig2p_ca	p_h	p_ho_h	p_he_h	p_ig2p_h	p_son2parent_ig	mean_cov	min_cov	mean_af	n_below_af	p_below_af	c_type	dbSNP_id	X1000genomes_id	gene	miRNA_region	miRNA_id	s_ids	s_alleles	s_coverages	s_ref_count	s_alt_count
1	16973155	16973155	C	G	2	0	2	0	2	0	2	0	0	0	0	0	0	0.045	0	0.045	0	1	0	1	0	0	0	0	0	0	5	4	0.62	0	0	ncRNA	unknown	0.166	MST1P2	NA		100101356,100201356	CG,CG	6,4	3,1	3,3
1	23757529	23757529	G	A	2	2	0	0	2	2	0	0	0	0	0	0	0	0.045	0.045	0	0	1	1	0	0	0	0	0	0	0	11.5	10	0.91	0	0	nonsynonymous SNV	unknown	unknown	ASAP3;ASAP3	NA		100101356,100201356	AA,AA	13,10	1,1	12,9
2	74702487	74702487	C	T	2	0	2	0	2	0	2	0	0	0	0	0	0	0.045	0	0.045	0	1	0	1	0	0	0	0	0	0	39	36	0.45	0	0	nonsynonymous SNV	unknown	unknown	CCDC142	NA		100101356,100201356	CT,CT	42,36	25,18	17,18
2	157184370	157184370	T	G	2	0	2	0	2	0	2	0	0	0	0	0	0	0.045	0	0.045	0	1	0	1	0	0	0	0	0	0	35.5	33	0.33	0	0	nonsynonymous SNV	unknown	unknown	NR4A2	NA		100101356,100201356	TG,TG	38,33	29,19	9,14
2	234357944	234357944	C	T	2	0	2	0	2	0	2	0	0	0	0	0	0	0.045	0	0.045	0	1	0	1	0	0	0	0	0	0	16	16	0.41	0	0	nonsynonymous SNV	unknown	unknown	DGKD	NA		100101356,100201356	CT,CT	16,16	10,9	6,7
3	39425226	39425226	A	G	2	0	2	0	2	0	2	0	0	0	0	0	0	0.045	0	0.045	0	1	0	1	0	0	0	0	0	0	13.5	11	0.52	0	0	nonsynonymous SNV	unknown	unknown	SLC25A38	NA		100101356,100201356	AG,AG	16,11	8,5	8,6
3	195490949	195490949	C	T	2	1	1	0	2	1	1	0	0	0	0	0	0	0.045	0.023	0.023	0	1	0.5	0.5	0	0	0	0	0	0	5.5	3	0.58	0	0	nonsynonymous SNV	unknown	unknown	MUC4	NA		100101356,100201356	CT,TT	8,3	4,1	4,2
4	22749270	22749270	G	C	2	0	2	0	2	0	2	0	0	0	0	0	0	0.045	0	0.045	0	1	0	1	0	0	0	0	0	0	27	27	0.54	0	0	nonsynonymous SNV	unknown	0.006	GBA3	NA		100101356,100201356	GC,GC	27,27	14,11	13,16
6	4128075	4128075	G	A	2	0	2	0	2	0	2	0	0	0	0	0	0	0.045	0	0.045	0	1	0	1	0	0	0	0	0	0	31.5	28	0.36	0	0	ncRNA	unknown	0.008	PECI	NA		100101356,100201356	GA,GA	28,35	19,21	9,14
6	31541337	31541337	C	T	2	0	2	0	2	0	2	0	0	0	0	0	0	0.045	0	0.045	0	1	0	1	0	0	0	0	0	0	53	51	0.52	0	0	nonsynonymous SNV	unknown	unknown	LTA	NA		100101356,100201356	CT,CT	55,51	28,23	26,28
6	170033086	170033086	G	A	2	0	2	0	2	0	2	0	0	0	0	0	0	0.045	0	0.045	0	1	0	1	0	0	0	0	0	0	50	49	0.28	0	0	nonsynonymous SNV	unknown	0.195	WDR27	NA		100101356,100201356	GA,GA	49,51	37,34	12,15
7	106522592	106522592	A	G	2	0	2	0	2	0	2	0	0	0	0	0	0	0.045	0	0.045	0	1	0	1	0	0	0	0	0	0	69	66	0.32	0	0	nonsynonymous SNV	unknown	0.047	PIK3CG	NA		100101356,100201356	AG,AG	72,66	49,42	21,22
9	18706945	18706945	C	T	2	0	2	0	2	0	2	0	0	0	0	0	0	0.045	0	0.045	0	1	0	1	0	0	0	0	0	0	40.5	30	0.35	0	0	nonsynonymous SNV	unknown	unknown	ADAMTSL1	NA		100101356,100201356	CT,CT	51,30	31,21	20,9
9	125273271	125273271	G	T	2	0	2	0	2	0	2	0	0	0	0	0	0	0.045	0	0.045	0	1	0	1	0	0	0	0	0	0	7.5	6	0.5	0	0	nonsynonymous SNV	unknown	unknown	OR1J2	NA		100101356,100201356	GT,GT	6,9	2,6	4,3
11	8158999	8158999	T	G	2	0	2	0	2	0	2	0	0	0	0	0	0	0.045	0	0.045	0	1	0	1	0	0	0	0	0	0	48	41	0.52	0	0	nonsynonymous SNV	unknown	unknown	RIC3	NA		100101356,100201356	TG,TG	41,55	22,23	19,31
13	75814504	75814504	A	G	2	2	0	0	2	2	0	0	0	0	0	0	0	0.045	0.045	0	0	1	1	0	0	0	0	0	0	0	4.5	3	1	0	0	ncRNA	unknown	0.701	CTAGE11P	NA		100101356,100201356	GG,GG	3,6	0,0	3,6
14	64557734	64557734	A	C	2	0	2	0	2	0	2	0	0	0	0	0	0	0.045	0	0.045	0	1	0	1	0	0	0	0	0	0	21	18	0.47	0	0	nonsynonymous SNV	unknown	0.098	SYNE2	NA		100101356,100201356	AC,AC	18,24	10,12	8,12
14	65249153	65249153	T	C	2	0	2	0	2	0	2	0	0	0	0	0	0	0.045	0	0.045	0	1	0	1	0	0	0	0	0	0	21.5	17	0.36	0	0	nonsynonymous SNV	unknown	0.021	SPTB	NA		100101356,100201356	TC,TC	26,17	18,10	8,7
15	75501106	75501106	C	T	2	1	1	0	2	1	1	0	0	0	0	0	0	0.045	0.023	0.023	0	1	0.5	0.5	0	0	0	0	0	0	8.5	5	0.55	0	0	nonsynonymous SNV	unknown	unknown	C15orf39	NA		100101356,100201356	CT,TT	12,5	6,2	6,3
17	79174221	79174221	T	C	2	1	1	0	2	1	1	0	0	0	0	0	0	0.045	0.023	0.023	0	1	0.5	0.5	0	0	0	0	0	0	4.5	4	0.88	0	0	nonsynonymous SNV	unknown	0.931	AZI1	NA		100101356,100201356	CC,TC	5,4	0,1	5,3
18	24510763	24510763	A	G	2	2	0	0	2	2	0	0	0	0	0	0	0	0.045	0.045	0	0	1	1	0	0	0	0	0	0	0	6.5	5	0.84	0	0	ncRNA	unknown	0.544	C18orf16	NA		100101356,100201356	GG,GG	8,5	1,1	7,4
19	7831700	7831700	G	C	2	2	0	0	2	2	0	0	0	0	0	0	0	0.045	0.045	0	0	1	1	0	0	0	0	0	0	0	3	2	0.75	0	0	ncRNA	unknown	0.782	CLEC4M	NA		100101356,100201356	CC,CC	4,2	2,0	2,2
19	39369986	39369986	T	G	2	0	2	0	2	0	2	0	0	0	0	0	0	0.045	0	0.045	0	1	0	1	0	0	0	0	0	0	8	8	0.62	0	0	ncRNA	unknown	0.002	SIRT2	NA		100101356,100201356	TG,TG	8,8	3,3	5,5
19	49994372	49994372	C	T	2	0	2	0	2	0	2	0	0	0	0	0	0	0.045	0	0.045	0	1	0	1	0	0	0	0	0	0	8.5	8	0.58	0	0	ncRNA	unknown	0.005	RPL13AP5	NA		100101356,100201356	CT,CT	8,9	5,2	3,7
19	52376434	52376434	T	C	2	0	2	0	2	0	2	0	0	0	0	0	0	0.045	0	0.045	0	1	0	1	0	0	0	0	0	0	15	11	0.42	0	0	nonsynonymous SNV	unknown	0.042	ZNF577	NA		100101356,100201356	TC,TC	19,11	10,7	9,4
20	62324619	62324619	C	T	2	0	2	0	2	0	2	0	0	0	0	0	0	0.045	0	0.045	0	1	0	1	0	0	0	0	0	0	10	8	0.4	0	0	nonsynonymous SNV	unknown	unknown	RTEL1	NA		100101356,100201356	CT,CT	12,8	7,5	5,3
22	50989678	50989678	A	G	2	0	2	0	2	0	2	0	0	0	0	0	0	0.045	0	0.045	0	1	0	1	0	0	0	0	0	0	32	30	0.5	0	0	nonsynonymous SNV	unknown	0.063	C22orf41	NA		100101356,100201356	AG,AG	30,34	16,16	14,18
22	51018564	51018564	G	A	2	0	2	0	2	0	2	0	0	0	0	0	0	0.045	0	0.045	0	1	0	1	0	0	0	0	0	0	28.5	25	0.37	0	0	ncRNA	unknown	0.018	CHKB-CPT1B	NA		100101356,100201356	GA,GA	25,32	18,17	7,15
