chr	start	end	ref	alt	n_fm	n_ho_fm	n_he_fm	n_ig2p_fm	n_ca	n_ho_ca	n_he_ca	n_ig2p_ca	n_h	n_ho_h	n_he_h	n_ig2p_h	n_son2parent_ig	p_fm	p_ho_fm	p_he_fm	p_ig2p_fm	p_ca	p_ho_ca	p_he_ca	p_ig2p_ca	p_h	p_ho_h	p_he_h	p_ig2p_h	p_son2parent_ig	mean_cov	min_cov	mean_af	n_below_af	p_below_af	c_type	dbSNP_id	X1000genomes_id	gene	miRNA_region	miRNA_id	s_ids	s_alleles	s_coverages	s_ref_count	s_alt_count
1	18807536	18807536	G	T	2	0	2	0	2	0	2	0	0	0	0	0	0	0.045	0	0.045	0	1	0	1	0	0	0	0	0	0	15.5	13	0.39	0	0	nonsynonymous SNV	unknown	0.094	KLHDC7A	NA		100104594,100204594	GT,GT	13,18	8,11	5,7
1	19597289	19597289	C	T	2	0	2	0	2	0	2	0	0	0	0	0	0	0.045	0	0.045	0	1	0	1	0	0	0	0	0	0	6	6	0.42	0	0	nonsynonymous SNV	unknown	unknown	AKR7L	NA		100104594,100204594	CT,CT	6,6	4,3	2,3
1	111825435	111825435	T	C	2	0	2	0	2	0	2	0	0	0	0	0	0	0.045	0	0.045	0	1	0	1	0	0	0	0	0	0	6.5	5	0.61	0	0	ncRNA	unknown	0.161	LOC149620	NA		100104594,100204594	TC,TC	5,8	2,3	3,5
1	241761260	241761260	T	C	2	0	2	0	2	0	2	0	0	0	0	0	0	0.045	0	0.045	0	1	0	1	0	0	0	0	0	0	44	36	0.37	0	0	nonsynonymous SNV	unknown	unknown	OPN3	NA		100104594,100204594	TC,TC	36,52	25,29	11,23
2	85617310	85617310	G	A	2	0	2	0	2	0	2	0	0	0	0	0	0	0.045	0	0.045	0	1	0	1	0	0	0	0	0	0	35.5	31	0.43	0	0	nonsynonymous SNV	unknown	0.002	ELMOD3	NA		100104594,100204594	GA,GA	40,31	22,18	18,13
2	163136505	163136505	C	G	2	0	2	0	2	0	2	0	0	0	0	0	0	0.045	0	0.045	0	1	0	1	0	0	0	0	0	0	104	96	0.43	0	0	splicing	unknown	0.005	IFIH1	NA		100104594,100204594	CG,CG	112,96	71,48	40,47
2	168115769	168115769	G	C	2	0	2	0	2	0	2	0	0	0	0	0	0	0.045	0	0.045	0	1	0	1	0	0	0	0	0	0	23	17	0.45	0	0	nonsynonymous SNV	unknown	0.171	XIRP2	NA		100104594,100204594	GC,GC	17,29	8,18	9,11
2	201726353	201726353	C	T	2	0	2	0	2	0	2	0	0	0	0	0	0	0.045	0	0.045	0	1	0	1	0	0	0	0	0	0	25	24	0.46	0	0	ncRNA	unknown	0.006	CLK1	NA		100104594,100204594	CT,CT	24,26	12,15	12,11
3	132345555	132345555	G	A	2	0	2	0	2	0	2	0	0	0	0	0	0	0.045	0	0.045	0	1	0	1	0	0	0	0	0	0	61.5	44	0.37	0	0	nonsynonymous SNV	unknown	unknown	ACAD11	NA		100104594,100204594	GA,GA	79,44	56,24	23,20
4	4440183	4440183	T	G	2	0	2	0	2	0	2	0	0	0	0	0	0	0.045	0	0.045	0	1	0	1	0	0	0	0	0	0	22.5	18	0.53	0	0	nonsynonymous SNV	unknown	0.039	STX18	NA		100104594,100204594	TG,TG	18,27	11,9	7,18
5	95011189	95011189	A	G	2	0	2	0	2	0	2	0	0	0	0	0	0	0.045	0	0.045	0	1	0	1	0	0	0	0	0	0	68.5	59	0.45	0	0	nonsynonymous SNV	unknown	0.005	SPATA9	NA		100104594,100204594	AG,AG	59,78	38,35	20,42
6	49806156	49806156	G	A	2	0	2	0	2	0	2	0	0	0	0	0	0	0.045	0	0.045	0	1	0	1	0	0	0	0	0	0	61.5	60	0.28	0	0	nonsynonymous SNV	unknown	unknown	CRISP1	NA		100104594,100204594	GA,GA	60,63	45,43	15,19
6	76631823	76631823	C	T	2	0	2	0	2	0	2	0	0	0	0	0	0	0.045	0	0.045	0	1	0	1	0	0	0	0	0	0	60.5	57	0.27	0	0	nonsynonymous SNV	unknown	0.026	IMPG1	NA		100104594,100204594	CT,CT	64,57	46,39	14,17
6	87994263	87994263	G	T	2	0	2	0	2	0	2	0	0	0	0	0	0	0.045	0	0.045	0	1	0	1	0	0	0	0	0	0	44	39	0.49	0	0	nonsynonymous SNV	unknown	unknown	GJB7	NA		100104594,100204594	GT,GT	49,39	31,15	18,24
7	123593764	123593764	T	C	2	0	2	0	2	0	2	0	0	0	0	0	0	0.045	0	0.045	0	1	0	1	0	0	0	0	0	0	45	43	0.36	0	0	nonsynonymous SNV	unknown	0.021	SPAM1	NA		100104594,100204594	TC,TC	47,43	30,28	17,15
11	48152063	48152063	C	G	2	0	2	0	2	0	2	0	0	0	0	0	0	0.045	0	0.045	0	1	0	1	0	0	0	0	0	0	44	33	0.43	0	0	nonsynonymous SNV	unknown	unknown	PTPRJ	NA		100104594,100204594	CG,CG	55,33	29,20	25,13
11	69957720	69957720	G	T	2	0	2	0	2	0	2	0	0	0	0	0	0	0.045	0	0.045	0	1	0	1	0	0	0	0	0	0	19	16	0.59	0	0	ncRNA	unknown	0.154	ANO1	NA		100104594,100204594	GT,GT	22,16	11,5	11,11
11	118343378	118343378	G	A	2	0	2	0	2	0	2	0	0	0	0	0	0	0.045	0	0.045	0	1	0	1	0	0	0	0	0	0	15	14	0.37	0	0	nonsynonymous SNV	unknown	unknown	MLL	NA		100104594,100204594	GA,GA	16,14	10,9	6,5
12	132241162	132241162	A	G	2	0	2	0	2	0	2	0	0	0	0	0	0	0.045	0	0.045	0	1	0	1	0	0	0	0	0	0	13	7	0.43	0	0	nonsynonymous SNV	unknown	unknown	SFSWAP	NA		100104594,100204594	AG,AG	7,19	5,8	2,11
13	28610141	28610141	G	A	2	0	2	0	2	0	2	0	0	0	0	0	0	0.045	0	0.045	0	1	0	1	0	0	0	0	0	0	64	53	0.34	0	0	nonsynonymous SNV	unknown	unknown	FLT3	NA		100104594,100204594	GA,GA	75,53	50,35	25,18
13	103343308	103343308	T	C	2	0	2	0	2	0	2	0	0	0	0	0	0	0.045	0	0.045	0	1	0	1	0	0	0	0	0	0	98	87	0.45	0	0	nonsynonymous SNV	unknown	0.016	C13orf39	NA		100104594,100204594	TC,TC	109,87	59,48	50,39
16	81095091	81095091	A	G	2	0	2	0	2	0	2	0	0	0	0	0	0	0.045	0	0.045	0	1	0	1	0	0	0	0	0	0	7.5	7	0.33	0	0	nonsynonymous SNV	unknown	0.175	C16orf46	NA		100104594,100204594	AG,AG	7,8	5,5	2,3
16	81199468	81199468	G	C	2	0	2	0	2	0	2	0	0	0	0	0	0	0.045	0	0.045	0	1	0	1	0	0	0	0	0	0	53	53	0.42	0	0	nonsynonymous SNV	unknown	0.012	PKD1L2	NA		100104594,100204594	GC,GC	53,53	27,34	26,18
17	62856332	62856332	C	T	2	0	2	0	2	0	2	0	0	0	0	0	0	0.045	0	0.045	0	1	0	1	0	0	0	0	0	0	24.5	15	0.3	0	0	nonsynonymous SNV	unknown	unknown	LRRC37A3	NA		100104594,100204594	CT,CT	34,15	25,10	9,5
19	4359191	4359191	C	T	2	0	2	0	2	0	2	0	0	0	0	0	0	0.045	0	0.045	0	1	0	1	0	0	0	0	0	0	17	16	0.29	0	0	nonsynonymous SNV	unknown	0.013	MPND	NA		100104594,100204594	CT,CT	16,18	12,12	4,6
19	8159339	8159339	G	C	2	0	2	0	2	0	2	0	0	0	0	0	0	0.045	0	0.045	0	1	0	1	0	0	0	0	0	0	16.5	12	0.4	0	0	nonsynonymous SNV	unknown	0.040	FBN3	NA		100104594,100204594	GC,GC	12,21	7,13	5,8
19	41313261	41313261	C	T	2	0	2	0	2	0	2	0	0	0	0	0	0	0.045	0	0.045	0	1	0	1	0	0	0	0	0	0	13	11	0.35	0	0	ncRNA	unknown	0.010	RAB4B-EGLN2	NA		100104594,100204594	CT,CT	11,15	7,9	3,6
19	58050063	58050063	A	G	2	0	2	0	2	0	2	0	0	0	0	0	0	0.045	0	0.045	0	1	0	1	0	0	0	0	0	0	18.5	16	0.36	0	0	nonsynonymous SNV	unknown	0.022	ZNF549	NA		100104594,100204594	AG,AG	21,16	15,8	5,7
20	53208250	53208250	G	A	2	0	2	0	2	0	2	0	0	0	0	0	0	0.045	0	0.045	0	1	0	1	0	0	0	0	0	0	66	60	0.5	0	0	nonsynonymous SNV	unknown	unknown	DOK5	NA		100104594,100204594	GA,GA	72,60	39,28	33,32
22	26224825	26224825	A	G	2	0	2	0	2	0	2	0	0	0	0	0	0	0.045	0	0.045	0	1	0	1	0	0	0	0	0	0	47.5	43	0.34	0	0	nonsynonymous SNV	unknown	unknown	MYO18B	NA		100104594,100204594	AG,AG	52,43	33,29	18,14
22	30198025	30198025	C	T	2	0	2	0	2	0	2	0	0	0	0	0	0	0.045	0	0.045	0	1	0	1	0	0	0	0	0	0	15	10	0.36	0	0	nonsynonymous SNV	unknown	0.081	ASCC2	NA		100104594,100204594	CT,CT	10,20	7,11	3,8
22	32754230	32754230	A	G	2	0	2	0	2	0	2	0	0	0	0	0	0	0.045	0	0.045	0	1	0	1	0	0	0	0	0	0	13	6	0.46	0	0	nonsynonymous SNV	unknown	0.088	RFPL3	NA		100104594,100204594	AG,AG	20,6	11,3	8,3
22	51015490	51015490	G	A	2	0	2	0	2	0	2	0	0	0	0	0	0	0.045	0	0.045	0	1	0	1	0	0	0	0	0	0	24.5	20	0.37	0	0	ncRNA	unknown	unknown	CHKB-CPT1B	NA		100104594,100204594	GA,GA	29,20	22,10	7,10
