chr	start	end	ref	alt	n_fm	n_ho_fm	n_he_fm	n_ig2p_fm	n_ca	n_ho_ca	n_he_ca	n_ig2p_ca	n_h	n_ho_h	n_he_h	n_ig2p_h	n_son2parent_ig	p_fm	p_ho_fm	p_he_fm	p_ig2p_fm	p_ca	p_ho_ca	p_he_ca	p_ig2p_ca	p_h	p_ho_h	p_he_h	p_ig2p_h	p_son2parent_ig	mean_cov	min_cov	mean_af	n_below_af	p_below_af	c_type	dbSNP_id	X1000genomes_id	gene	miRNA_region	miRNA_id	s_ids	s_alleles	s_coverages	s_ref_count	s_alt_count
1	6694119	6694119	C	T	2	0	2	0	2	0	2	0	0	0	0	0	0	0.045	0	0.045	0	1	0	1	0	0	0	0	0	0	51	46	0.51	0	0	nonsynonymous SNV	unknown	unknown	THAP3	NA		100100466,100200466	CT,CT	56,46	22,25	31,20
1	22062956	22062956	C	T	2	0	2	0	2	0	2	0	0	0	0	0	0	0.045	0	0.045	0	1	0	1	0	0	0	0	0	0	48	42	0.4	0	0	nonsynonymous SNV	unknown	unknown	USP48	NA		100100466,100200466	CT,CT	42,54	26,31	16,22
1	36552585	36552585	C	T	2	0	2	0	2	0	2	0	0	0	0	0	0	0.045	0	0.045	0	1	0	1	0	0	0	0	0	0	22	18	0.37	0	0	nonsynonymous SNV	unknown	unknown	TEKT2	NA		100100466,100200466	CT,CT	26,18	17,11	9,7
1	47395917	47395917	C	T	2	0	2	0	2	0	2	0	0	0	0	0	0	0.045	0	0.045	0	1	0	1	0	0	0	0	0	0	4.5	4	0.68	0	0	nonsynonymous SNV	unknown	unknown	CYP4A11	NA		100100466,100200466	CT,CT	5,4	2,1	3,3
1	57378149	57378149	G	A	2	0	2	0	2	0	2	0	0	0	0	0	0	0.045	0	0.045	0	1	0	1	0	0	0	0	0	0	18	16	0.39	0	0	nonsynonymous SNV	unknown	unknown	C8A	NA		100100466,100200466	GA,GA	20,16	12,10	8,6
1	79403593	79403593	G	A	2	0	2	0	2	0	2	0	0	0	0	0	0	0.045	0	0.045	0	1	0	1	0	0	0	0	0	0	89.5	88	0.44	0	0	nonsynonymous SNV	unknown	unknown	ELTD1	NA		100100466,100200466	GA,GA	88,91	52,49	36,42
1	209800230	209800230	C	T	2	0	2	0	2	0	2	0	0	0	0	0	0	0.045	0	0.045	0	1	0	1	0	0	0	0	0	0	7.5	7	0.66	0	0	nonsynonymous SNV	unknown	0.249	LAMB3	NA		100100466,100200466	CT,CT	8,7	2,3	6,4
1	209807815	209807815	T	C	2	0	2	0	2	0	2	0	0	0	0	0	0	0.045	0	0.045	0	1	0	1	0	0	0	0	0	0	25	23	0.39	0	0	nonsynonymous SNV	unknown	0.071	LAMB3	NA		100100466,100200466	TC,TC	27,23	14,16	13,7
3	3887508	3887508	C	G	2	0	2	0	2	0	2	0	0	0	0	0	0	0.045	0	0.045	0	1	0	1	0	0	0	0	0	0	39.5	38	0.52	0	0	nonsynonymous SNV	unknown	0.010	LRRN1	NA		100100466,100200466	CG,CG	38,41	20,18	18,23
3	50225255	50225255	G	A	2	0	2	0	2	0	2	0	0	0	0	0	0	0.045	0	0.045	0	1	0	1	0	0	0	0	0	0	14	10	0.61	0	0	nonsynonymous SNV	unknown	unknown	SEMA3F	NA		100100466,100200466	GA,GA	18,10	7,4	11,6
3	160804167	160804167	C	T	2	0	2	0	2	0	2	0	0	0	0	0	0	0.045	0	0.045	0	1	0	1	0	0	0	0	0	0	33.5	24	0.35	0	0	nonsynonymous SNV	unknown	0.030	B3GALNT1	NA		100100466,100200466	CT,CT	43,24	29,15	14,9
4	122765152	122765152	T	C	2	0	2	0	2	0	2	0	0	0	0	0	0	0.045	0	0.045	0	1	0	1	0	0	0	0	0	0	29	28	0.51	0	0	nonsynonymous SNV	unknown	unknown	BBS7	NA		100100466,100200466	TC,TC	28,30	11,17	16,13
5	180432662	180432662	C	G	2	2	0	0	2	2	0	0	0	0	0	0	0	0.045	0.045	0	0	1	1	0	0	0	0	0	0	0	12.5	11	0.69	0	0	nonsynonymous SNV	unknown	0.095	BTNL3	NA		100100466,100200466	GG,GG	14,11	5,3	9,8
6	90503818	90503818	C	T	2	0	2	0	2	0	2	0	0	0	0	0	0	0.045	0	0.045	0	1	0	1	0	0	0	0	0	0	25.5	24	0.3	0	0	splicing	unknown	unknown	MDN1	NA		100100466,100200466	CT,CT	27,24	20,16	7,8
7	3681647	3681647	C	G	2	0	2	0	2	0	2	0	0	0	0	0	0	0.045	0	0.045	0	1	0	1	0	0	0	0	0	0	52	46	0.45	0	0	nonsynonymous SNV	unknown	unknown	SDK1	NA		100100466,100200466	CG,CG	58,46	30,25	26,20
7	51095951	51095951	C	A	2	0	2	0	2	0	2	0	0	0	0	0	0	0.045	0	0.045	0	1	0	1	0	0	0	0	0	0	32	29	0.38	0	0	nonsynonymous SNV	unknown	unknown	COBL	NA		100100466,100200466	CA,CA	29,35	17,23	12,12
9	33385808	33385808	G	T	2	0	2	0	2	0	2	0	0	0	0	0	0	0.045	0	0.045	0	1	0	1	0	0	0	0	0	0	6	5	0.51	0	0	nonsynonymous SNV	unknown	0.261	AQP7	NA		100100466,100200466	GT,GT	7,5	4,2	3,3
9	139889162	139889162	C	A	2	0	2	0	2	0	2	0	0	0	0	0	0	0.045	0	0.045	0	1	0	1	0	0	0	0	0	0	13	12	0.42	0	0	nonsynonymous SNV	unknown	0.009	CLIC3	NA		100100466,100200466	CA,CA	14,12	7,8	7,4
9	140327663	140327663	C	T	2	1	1	0	2	1	1	0	0	0	0	0	0	0.045	0.023	0.023	0	1	0.5	0.5	0	0	0	0	0	0	6	5	0.69	0	0	nonsynonymous SNV	unknown	0.223	NOXA1	NA		100100466,100200466	CT,TT	7,5	3,1	4,4
10	93999956	93999956	C	T	2	0	2	0	2	0	2	0	0	0	0	0	0	0.045	0	0.045	0	1	0	1	0	0	0	0	0	0	7.5	6	0.47	0	0	nonsynonymous SNV	unknown	unknown	CPEB3	NA		100100466,100200466	CT,CT	9,6	5,3	4,3
11	2167572	2167572	G	A	2	0	2	0	2	0	2	0	0	0	0	0	0	0.045	0	0.045	0	1	0	1	0	0	0	0	0	0	23	19	0.31	0	0	ncRNA	unknown	unknown	IGF2AS,INS-IGF2	NA		100100466,100200466	GA,GA	27,19	20,12	7,7
11	58317528	58317528	C	T	2	0	2	0	2	0	2	0	0	0	0	0	0	0.045	0	0.045	0	1	0	1	0	0	0	0	0	0	16.5	14	0.43	0	0	nonsynonymous SNV	unknown	unknown	LPXN	NA		100100466,100200466	CT,CT	19,14	12,7	7,7
11	126147697	126147697	G	A	2	1	1	0	2	1	1	0	0	0	0	0	0	0.045	0.023	0.023	0	1	0.5	0.5	0	0	0	0	0	0	2.5	2	0.83	0	0	ncRNA	unknown	0.136	FOXRED1	NA		100100466,100200466	GA,AA	3,2	1,0	2,2
14	104559922	104559922	C	G	2	0	2	0	2	0	2	0	0	0	0	0	0	0.045	0	0.045	0	1	0	1	0	0	0	0	0	0	48	42	0.46	0	0	nonsynonymous SNV	unknown	0.394	ASPG	NA		100100466,100200466	CG,CG	54,42	26,25	28,17
15	79224727	79224727	T	C	2	0	2	0	2	0	2	0	0	0	0	0	0	0.045	0	0.045	0	1	0	1	0	0	0	0	0	0	45	26	0.48	0	0	nonsynonymous SNV	unknown	0.008	CTSH	NA		100100466,100200466	TC,TC	64,26	30,15	34,11
19	44103210	44103210	A	G	2	0	2	0	2	0	2	0	0	0	0	0	0	0.045	0	0.045	0	1	0	1	0	0	0	0	0	0	29.5	28	0.48	0	0	nonsynonymous SNV	unknown	unknown	ZNF576	NA		100100466,100200466	AG,AG	31,28	18,13	13,15
19	49962986	49962986	C	G	2	0	2	0	2	0	2	0	0	0	0	0	0	0.045	0	0.045	0	1	0	1	0	0	0	0	0	0	17.5	17	0.42	0	0	nonsynonymous SNV	unknown	0.003	ALDH16A1	NA		100100466,100200466	CG,CG	17,18	12,8	5,10
20	40864875	40864875	T	C	2	0	2	0	2	0	2	0	0	0	0	0	0	0.045	0	0.045	0	1	0	1	0	0	0	0	0	0	32	28	0.36	0	0	nonsynonymous SNV	unknown	unknown	PTPRT	NA		100100466,100200466	TC,TC	36,28	21,19	14,9
20	47887812	47887812	C	T	2	0	2	0	2	0	2	0	0	0	0	0	0	0.045	0	0.045	0	1	0	1	0	0	0	0	0	0	18.5	12	0.4	0	0	nonsynonymous SNV	unknown	unknown	ZNFX1	NA		100100466,100200466	CT,CT	25,12	15,7	9,5
21	30439335	30439335	C	T	2	0	2	0	2	0	2	0	0	0	0	0	0	0.045	0	0.045	0	1	0	1	0	0	0	0	0	0	12	12	0.5	0	0	nonsynonymous SNV	unknown	unknown	CCT8	NA		100100466,100200466	CT,CT	12,12	7,5	5,7
22	43610207	43610207	A	G	2	1	1	0	2	1	1	0	0	0	0	0	0	0.045	0.023	0.023	0	1	0.5	0.5	0	0	0	0	0	0	11.5	11	0.61	0	0	nonsynonymous SNV	unknown	0.421	SCUBE1	NA		100100466,100200466	AG,GG	11,12	4,5	7,7
22	45943051	45943051	C	T	2	0	2	0	2	0	2	0	0	0	0	0	0	0.045	0	0.045	0	1	0	1	0	0	0	0	0	0	34	27	0.4	0	0	stopgain SNV	unknown	unknown	FBLN1	NA		100100466,100200466	CT,CT	41,27	28,14	13,13
22	51015838	51015838	T	C	2	0	2	0	2	0	2	0	0	0	0	0	0	0.045	0	0.045	0	1	0	1	0	0	0	0	0	0	29.5	26	0.41	0	0	nonsynonymous SNV	unknown	0.129	CPT1B	NA		100100466,100200466	TC,TC	26,33	15,20	11,13
X	84586003	84586003	G	A	2	1	1	0	2	1	1	0	0	0	0	0	0	0.045	0.023	0.023	0	1	0.5	0.5	0	0	0	0	0	0	61.5	56	0.81	0	0	nonsynonymous SNV	unknown	0.0041	POF1B	NA		100100466,100200466	GA,AA	67,56	16,8	51,48
