gene	global_score	binding	functional	ptmod	regulation	textmining	fams
TLR4	3.15196528518173	0.739963685347657	0.443080029616074	0.811665343038307	0.53035938851683	0.626896838662857	ACTIVATOR_DOMINANT
TLR10	3.02688011009639	0.569117163103522	0.443080029616074	0.811665343038307	0.559564735858194	0.643452838480288	ACTIVATOR_DOMINANT
SMN2	2.99863171799015	0.764371084808007	0	0.912850687062428	0.661401107821991	0.660008838297719	Known_genes
CARD8	2.99228984263642	0.569117163103522	0.443080029616074	0.788743888262674	0.646798434151309	0.544550327502845	ACTIVATOR_DOMINANT
TOPBP1	2.98745581884104	0.569117163103522	0.438246005820693	0.788743888262674	0.646798434151309	0.544550327502845	ACTIVATOR_DOMINANT
SMN1	2.98207571817271	0.764371084808007	0	0.912850687062428	0.661401107821991	0.643452838480288	Known_genes
LTF	2.93695931282693	0.829153477755865	0	0.780138655642223	0.443125690223715	0.884541489205127	ACTIVATOR_DOMINANT
PML	2.8915356822754	0.739963685347657	0	0.788743888262674	0.603916759389912	0.758911349275161	ACTIVATOR_DOMINANT
NCOR2	2.85175486094589	0.759137561220547	0	0.788743888262674	0.544962062187512	0.758911349275161	ACTIVATOR_DOMINANT
MAP3K1	2.79978497036904	0.720789809474767	0	0.788743888262674	0.646798434151309	0.643452838480288	ACTIVATOR_DOMINANT
HTT	2.79798324159484	0.715556285887307	0	0.780138655642223	0.646798434151309	0.655489865913996	ACTIVATOR_DOMINANT
IL6R	2.78074203806204	0.606248586358657	0	0.811665343038307	0.603916759389912	0.758911349275161	ACTIVATOR_DOMINANT
OCA2	2.75905186240894	0.569117163103522	0	0.788743888262674	0.646798434151309	0.754392376891439	ACTIVATOR_DOMINANT
KL	2.72902510900838	0.606248586358657	0	0.811665343038307	0.443125690223715	0.867985489387696	ACTIVATOR_DOMINANT
TTN	2.72854059075574	0.512811863975498	0.447914053411455	0.780138655642223	0.443125690223715	0.544550327502845	ACTIVATOR_DOMINANT
ATM	2.72005633526449	0.739963685347657	0	0.788743888262674	0.646798434151309	0.544550327502845	ACTIVATOR_DOMINANT
IL2RB	2.71011852817531	0.606248586358657	0	0.811665343038307	0.632195760480627	0.660008838297719	ACTIVATOR_DOMINANT
THBS1	2.67663851463248	0.606248586358657	0	0.780138655642223	0.646798434151309	0.643452838480288	ACTIVATOR_DOMINANT
INS-IGF2	2.64922742004711	0.587074710485767	0	0.803060110417856	0.632195760480627	0.626896838662857	ACTIVATOR_DOMINANT
CUX1	2.61383389325333	0.625422462231547	0	0.811665343038307	0.632195760480627	0.544550327502845	ACTIVATOR_DOMINANT
CSN1S1	2.59964739017567	0.625422462231547	0	0.788743888262674	0.443125690223715	0.74235534945773	ACTIVATOR_DOMINANT
TRAF3	2.58797857749134	0.625422462231547	0	0.788743888262674	0.53035938851683	0.643452838480288	ACTIVATOR_DOMINANT
FRK	2.57743462552211	0.569117163103522	0	0.788743888262674	0.559564735858194	0.660008838297719	ACTIVATOR_DOMINANT
RASA1	2.56638101628972	0.606248586358657	0	0.811665343038307	0.603916759389912	0.544550327502845	ACTIVATOR_DOMINANT
MYH9	2.55402820476653	0.625422462231547	0	0.780138655642223	0.603916759389912	0.544550327502845	ACTIVATOR_DOMINANT
HSPG2	2.54226907895596	0.702832262092522	0.438246005820693	0	0.646798434151309	0.754392376891439	ACTIVATOR_DOMINANT
PFKFB3	2.5406045803999	0.569117163103522	0	0.780138655642223	0.646798434151309	0.544550327502845	ACTIVATOR_DOMINANT
CD274	2.53685062475830	0.630655985819007	0	0.803060110417856	0.443125690223715	0.660008838297719	ACTIVATOR_DOMINANT
TAF1C	2.53608560801618	0.569117163103522	0	0.780138655642223	0.646798434151309	0.540031355119123	ACTIVATOR_DOMINANT
ADCY10	2.53431030382613	0.560410334405552	0	0.872718767045892	0.457728363894397	0.643452838480288	ACTIVATOR_DOMINANT
BMP2	2.48090092218520	0.574350686690982	0	0.780138655642223	0.487477713755433	0.638933866096566	ACTIVATOR_DOMINANT
TGOLN2	2.46048988630585	0.523278911150417	0	0.788743888262674	0.603916759389912	0.544550327502845	ACTIVATOR_DOMINANT
MUC2	2.44644523416114	0.834387001343325	0.438246005820693	0	0.53035938851683	0.643452838480288	ACTIVATOR_DOMINANT
SPTA1	2.43479529446489	0.606248586358657	0	0.811665343038307	0.472331037565079	0.544550327502845	ACTIVATOR_DOMINANT
CROCC	2.40542152880962	0.518045387562957	0	0.788743888262674	0.646798434151309	0.451833818832683	ACTIVATOR_DOMINANT
CALU	2.37047574050127	0.625422462231547	0.438246005820693	0	0.646798434151309	0.660008838297719	ACTIVATOR_DOMINANT
FOXP2	2.34101809670904	0.569117163103522	0	0.788743888262674	0.443125690223715	0.540031355119123	ACTIVATOR_DOMINANT
FOXM1	2.33931706701316	0.625422462231547	0.438246005820693	0	0.632195760480627	0.643452838480288	ACTIVATOR_DOMINANT
PSMB5	2.33237479974888	0.683658386219632	0.438246005820693	0	0.661401107821991	0.549069299886567	ACTIVATOR_DOMINANT
CHGB	2.31900446516862	0.569117163103522	0.443080029616074	0	0.646798434151309	0.660008838297719	ACTIVATOR_DOMINANT
LILRB1	2.29641715848831	0.630655985819007	0.460790272184067	0	0.544962062187512	0.660008838297719	ACTIVATOR_DOMINANT
DST	2.23961336520493	0.611482109946117	0.438246005820693	0	0.546432410957832	0.643452838480288	ACTIVATOR_DOMINANT
TMPRSS6	2.23171911957685	0.484931159404637	0.7304397569194	0	0.476316848133695	0.540031355119123	ACTIVATOR_DOMINANT
FCAR	2.23116620259945	0.651760486551957	0.443080029616074	0	0.476316848133695	0.660008838297719	ACTIVATOR_DOMINANT
BCLAF1	2.22338557728864	0.574350686690982	0.438246005820693	0	0.603916759389912	0.606872125387054	ACTIVATOR_DOMINANT
TNS4	2.21304862061318	0.574350686690982	0.438246005820693	0	0.544962062187512	0.655489865913996	ACTIVATOR_DOMINANT
STXBP2	2.20658587890030	0.560410334405552	0.507963495751263	0	0.646798434151309	0.491413614592181	ACTIVATOR_DOMINANT
IGHMBP2	2.20595143532484	0	1	0	0.661401107821991	0.544550327502845	Known_genes
HLA-A	2.19215486947001	0.873678784336657	0	0	0.559564735858194	0.758911349275161	ACTIVATOR_DOMINANT
MCM10	2.18410925690769	0.569117163103522	0.438246005820693	0	0.632195760480627	0.544550327502845	ACTIVATOR_DOMINANT
CTSB	2.16484734464702	0.759137561220547	0	0	0.646798434151309	0.758911349275161	ACTIVATOR_DOMINANT
SCN1A	2.16223966666579	0.504105035277527	0.443080029616074	0	0.559564735858194	0.655489865913996	ACTIVATOR_DOMINANT
ADAMTS4	2.15940533429515	0.504105035277527	0.5794642367473	0	0.531285734767479	0.544550327502845	ACTIVATOR_DOMINANT
RIPK4	2.15739265100899	0.523278911150417	0.438246005820693	0	0.646798434151309	0.549069299886567	ACTIVATOR_DOMINANT
WRNIP1	2.10721251529003	0.569117163103522	0.438246005820693	0	0.603916759389912	0.495932586975903	ACTIVATOR_DOMINANT
ASCC3	2.09687555861457	0.569117163103522	0.438246005820693	0	0.544962062187512	0.544550327502845	ACTIVATOR_DOMINANT
KCNB1	2.09135283291288	0.579584210278442	0.460790272184067	0	0.559564735858194	0.491413614592181	ACTIVATOR_DOMINANT
OBSCN	2.08453564368878	0.625422462231547	0.438246005820693	0	0.476316848133695	0.544550327502845	ACTIVATOR_DOMINANT
CAMK4	2.07417518879194	0.625422462231547	0	0.788743888262674	0	0.660008838297719	ACTIVATOR_DOMINANT
CGN	2.06594715944948	0.625422462231547	0.438246005820693	0	0.457728363894397	0.544550327502845	ACTIVATOR_DOMINANT
TYROBP	2.05617850957418	0.625422462231547	0.443080029616074	0	0.443125690223715	0.544550327502845	ACTIVATOR_DOMINANT
PIGR	2.04677095779668	0.739963685347657	0	0	0.646798434151309	0.660008838297719	ACTIVATOR_DOMINANT
USP21	2.04225198541296	0.739963685347657	0	0	0.646798434151309	0.655489865913996	ACTIVATOR_DOMINANT
VAPB	2.03922822777087	0.713299309267442	0	0	0.661401107821991	0.66452781068144	Known_genes
UBA1	2.02947573179969	0.708065785679982	0	0	0.661401107821991	0.660008838297719	Known_genes
SHROOM3	2.02521234058437	0.574350686690982	0.438246005820693	0	0.516683061096797	0.495932586975903	ACTIVATOR_DOMINANT
LLGL2	2.02252619793652	0.523278911150417	0.438246005820693	0	0.646798434151309	0.414202846814099	ACTIVATOR_DOMINANT
GTPBP4	2.02096380274450	0.569117163103522	0.438246005820693	0	0.603916759389912	0.409683874430377	ACTIVATOR_DOMINANT
NOTCH2	2.00963953454155	0.702832262092522	0	0	0.646798434151309	0.660008838297719	ACTIVATOR_DOMINANT
EDNRA	1.99503918665078	0.569117163103522	0.438246005820693	0	0.443125690223715	0.544550327502845	ACTIVATOR_DOMINANT
PRDM1	1.99503686087087	0.702832262092522	0	0	0.632195760480627	0.660008838297719	ACTIVATOR_DOMINANT
MYOM2	1.98167754140391	0.518045387562957	0.438246005820693	0	0.476316848133695	0.549069299886567	ACTIVATOR_DOMINANT
OGFR	1.95771545402497	0	0.636305507905257	0	0.661401107821991	0.660008838297719	DISEASE_RECESSIVE
C1orf116	1.94914870487919	0.504105035277527	0.438246005820693	0	0.457728363894397	0.549069299886567	ACTIVATOR_DOMINANT
NUP153	1.94758398390726	0.683658386219632	0	0	0.603916759389912	0.660008838297719	ACTIVATOR_DOMINANT
TNFRSF10A	1.90780316257775	0.702832262092522	0	0	0.544962062187512	0.660008838297719	ACTIVATOR_DOMINANT
MSH3	1.89418102374668	0.702832262092522	0	0	0.646798434151309	0.544550327502845	ACTIVATOR_DOMINANT
CACNA1C	1.89380614624859	0.569117163103522	0	0.780138655642223	0	0.544550327502845	ACTIVATOR_DOMINANT
SGSM2	1.88482908753546	0.625422462231547	0	0	0.603916759389912	0.655489865913996	ACTIVATOR_DOMINANT
ASAH1	1.88115795914001	0.574350686690982	0	0	0.646798434151309	0.660008838297719	ACTIVATOR_DOMINANT
C3	1.87628937177907	0.739963685347657	0	0	0.476316848133695	0.660008838297719	ACTIVATOR_DOMINANT
XPC	1.87592443555255	0.569117163103522	0	0	0.646798434151309	0.660008838297719	ACTIVATOR_DOMINANT
SMAD6	1.87140546316883	0.569117163103522	0	0	0.646798434151309	0.655489865913996	ACTIVATOR_DOMINANT
EMB	1.84214457395	0.504105035277527	0.443080029616074	0	0.443125690223715	0.451833818832683	ACTIVATOR_DOMINANT
HEATR6	1.83304276079115	0.569117163103522	0	0	0.603916759389912	0.660008838297719	ACTIVATOR_DOMINANT
WRN	1.83209395109347	0.759137561220547	0	0	0.544962062187512	0.527994327685414	ACTIVATOR_DOMINANT
CCL25	1.83039336271678	0.625422462231547	0	0	0.544962062187512	0.660008838297719	ACTIVATOR_DOMINANT
LNPEP	1.82200474747316	0.630655985819007	0	0	0.646798434151309	0.544550327502845	ACTIVATOR_DOMINANT
INF2	1.82129019626942	0.625422462231547	0	0	0.646798434151309	0.549069299886567	ACTIVATOR_DOMINANT
SLC25A13	1.80669803866397	0.708065785679982	0	0	0.646798434151309	0.451833818832683	ACTIVATOR_DOMINANT
AP1G2	1.78997253529545	0.651760486551957	0	0	0.646798434151309	0.491413614592181	ACTIVATOR_DOMINANT
VDR	1.78941079079653	0.702832262092522	0	0	0.443125690223715	0.643452838480288	ACTIVATOR_DOMINANT
ADAM15	1.78299467434213	0.606248586358657	0	0	0.632195760480627	0.544550327502845	ACTIVATOR_DOMINANT
STX8	1.78197098525059	0.518045387562957	0	0	0.603916759389912	0.660008838297719	ACTIVATOR_DOMINANT
SARS2	1.77553936517586	0.708065785679982	0	0	0.632195760480627	0.435277819015252	ACTIVATOR_DOMINANT
NES	1.77408806358875	0.569117163103522	0	0	0.544962062187512	0.660008838297719	ACTIVATOR_DOMINANT
EIF2S3	1.77293870299240	0.606248586358657	0	0	0.603916759389912	0.562773357243834	ACTIVATOR_DOMINANT
SMAP1	1.77093297193260	0.579584210278442	0	0	0.646798434151309	0.544550327502845	ACTIVATOR_DOMINANT
CELSR1	1.77088074211411	0.560410334405552	0	0	0.661401107821991	0.549069299886567	ACTIVATOR_DOMINANT
SNX18	1.76569944834514	0.574350686690982	0	0	0.646798434151309	0.544550327502845	ACTIVATOR_DOMINANT
NOTCH2NL	1.76569944834514	0.574350686690982	0	0	0.646798434151309	0.544550327502845	ACTIVATOR_DOMINANT
FLNA	1.76381883969877	0.606248586358657	0	0	0.502080387426115	0.655489865913996	ACTIVATOR_DOMINANT
SCN1B	1.76046592475768	0.569117163103522	0	0	0.646798434151309	0.544550327502845	ACTIVATOR_DOMINANT
EP400	1.75928687545362	0.625422462231547	0	0	0.58931408571923	0.544550327502845	ACTIVATOR_DOMINANT
EXOC7	1.75594695237395	0.569117163103522	0	0	0.646798434151309	0.540031355119123	ACTIVATOR_DOMINANT
MTHFR	1.75175909605971	0.560410334405552	0	0	0.646798434151309	0.544550327502845	ACTIVATOR_DOMINANT
TTYH2	1.74824588363966	0.702832262092522	0	0	0.544962062187512	0.500451559359625	ACTIVATOR_DOMINANT
LRP2	1.74315966442366	0.625422462231547	0	0	0.457728363894397	0.660008838297719	ACTIVATOR_DOMINANT
F5	1.74285248530633	0.523278911150417	0	0	0.559564735858194	0.660008838297719	ACTIVATOR_DOMINANT
PDLIM1	1.72645085790142	0.569117163103522	0	0	0.661401107821991	0.495932586975903	ACTIVATOR_DOMINANT
UBASH3A	1.72288221337781	0.759137561220547	0	0	0.472331037565079	0.491413614592181	ACTIVATOR_DOMINANT
C21orf33	1.72281777358374	0.574350686690982	0	0	0.603916759389912	0.544550327502845	ACTIVATOR_DOMINANT
SELL	1.71988391259738	0.574350686690982	0	0	0.502080387426115	0.643452838480288	ACTIVATOR_DOMINANT
JMY	1.71758424999628	0.569117163103522	0	0	0.603916759389912	0.544550327502845	ACTIVATOR_DOMINANT
PIH1D1	1.71184818423073	0.569117163103522	0	0	0.646798434151309	0.495932586975903	ACTIVATOR_DOMINANT
ADRB3	1.71036364971970	0.606248586358657	0	0	0.559564735858194	0.544550327502845	ACTIVATOR_DOMINANT
VCAN	1.70938311488009	0.606248586358657	0	0	0.443125690223715	0.660008838297719	ACTIVATOR_DOMINANT
IGF2R	1.70626177376631	0.574350686690982	0	0	0.603916759389912	0.527994327685414	ACTIVATOR_DOMINANT
DOCK5	1.70416062562965	0.512811863975498	0	0	0.646798434151309	0.544550327502845	ACTIVATOR_DOMINANT
DDX54	1.69094271558068	0.625422462231547	0	0	0.646798434151309	0.418721819197821	ACTIVATOR_DOMINANT
TMPRSS2	1.69084017586425	0.569117163103522	0	0	0.461714174463013	0.660008838297719	ACTIVATOR_DOMINANT
GOSR2	1.68758561334566	0.574350686690982	0	0	0.661401107821991	0.451833818832683	ACTIVATOR_DOMINANT
TELO2	1.68330515827462	0.555176810818092	0	0	0.632195760480627	0.495932586975903	ACTIVATOR_DOMINANT
LAG3	1.67748521521242	0.574350686690982	0	0	0.443125690223715	0.660008838297719	ACTIVATOR_DOMINANT
AKAP1	1.67420003305680	0.574350686690982	0	0	0.603916759389912	0.495932586975903	ACTIVATOR_DOMINANT
PPFIA4	1.67298293967497	0.574350686690982	0	0	0.646798434151309	0.451833818832683	ACTIVATOR_DOMINANT
UCN3	1.67029836547821	0.569117163103522	0	0	0.457728363894397	0.643452838480288	ACTIVATOR_DOMINANT
MEPE	1.66904241137984	0.579584210278442	0	0	0.429449362803682	0.660008838297719	ACTIVATOR_DOMINANT
ABP1	1.66871325408084	0.569117163103522	0	0	0.559564735858194	0.540031355119123	ACTIVATOR_DOMINANT
KIAA0564	1.66841173747277	0.555176810818092	0	0	0.661401107821991	0.451833818832683	ACTIVATOR_DOMINANT
RNH1	1.66722702565945	0.523278911150417	0	0	0.603916759389912	0.540031355119123	ACTIVATOR_DOMINANT
SMG7	1.66657036678346	0.625422462231547	0	0	0.58931408571923	0.451833818832683	ACTIVATOR_DOMINANT
PTPRH	1.66651247445571	0.518045387562957	0	0	0.603916759389912	0.544550327502845	ACTIVATOR_DOMINANT
POLB	1.65862955279388	0.569117163103522	0	0	0.544962062187512	0.544550327502845	ACTIVATOR_DOMINANT
FLNB	1.64628963786809	0.625422462231547	0	0	0.476316848133695	0.544550327502845	ACTIVATOR_DOMINANT
DMTF1	1.64281962619910	0.498871511690067	0	0	0.603916759389912	0.540031355119123	ACTIVATOR_DOMINANT
SLC5A1	1.62770115362879	0.625422462231547	0	0	0.457728363894397	0.544550327502845	ACTIVATOR_DOMINANT
C8G	1.62764722989995	0.523278911150417	0	0	0.603916759389912	0.500451559359625	ACTIVATOR_DOMINANT
ABCC12	1.62699985914660	0.498871511690067	0	0	0.632195760480627	0.495932586975903	ACTIVATOR_DOMINANT
SHANK1	1.62461448593762	0.569117163103522	0	0	0.559564735858194	0.495932586975903	ACTIVATOR_DOMINANT
SULF1	1.62208774551581	0	0.438246005820693	0	0.429449362803682	0.754392376891439	ACTIVATOR_DOMINANT
FGL1	1.61493790521521	0	0.438246005820693	0	0.516683061096797	0.660008838297719	ACTIVATOR_DOMINANT
PRKCI	1.61309847995811	0.625422462231547	0	0	0.443125690223715	0.544550327502845	ACTIVATOR_DOMINANT
MUC12	1.61178125929765	0.518045387562957	0.438246005820693	0	0	0.655489865913996	ACTIVATOR_DOMINANT
CAST	1.6085272777559	0.606248586358657	0	0	0.457728363894397	0.544550327502845	ACTIVATOR_DOMINANT
APOH	1.60821879555509	0.625422462231547	0.438246005820693	0	0	0.544550327502845	ACTIVATOR_DOMINANT
PIGP	1.60730849046373	0.523278911150417	0	0	0.632195760480627	0.451833818832683	ACTIVATOR_DOMINANT
PIWIL2	1.59618712499045	0.474464112229718	0	0	0.461714174463013	0.660008838297719	ACTIVATOR_DOMINANT
RAI14	1.59370906783800	0.569117163103522	0	0	0.58931408571923	0.435277819015252	ACTIVATOR_DOMINANT
IPO4	1.59175574169125	0.569117163103522	0	0	0.603916759389912	0.418721819197821	ACTIVATOR_DOMINANT
HGFAC	1.59123205175891	0.574350686690982	0	0	0.472331037565079	0.544550327502845	ACTIVATOR_DOMINANT
TMEM43	1.58929947815417	0.484931159404637	0	0	0.603916759389912	0.500451559359625	ACTIVATOR_DOMINANT
API5	1.58618128844409	0.504105035277527	0	0	0.646798434151309	0.435277819015252	ACTIVATOR_DOMINANT
SSH2	1.58581105074329	0	0.443080029616074	0	0.646798434151309	0.495932586975903	ACTIVATOR_DOMINANT
C5orf39	1.58581105074329	0	0.443080029616074	0	0.646798434151309	0.495932586975903	ACTIVATOR_DOMINANT
TRIOBP	1.5805157177944	0.569117163103522	0	0	0.559564735858194	0.451833818832683	ACTIVATOR_DOMINANT
S100A3	1.57806168278078	0.518045387562957	0	0	0.559564735858194	0.500451559359625	ACTIVATOR_DOMINANT
AKAP3	1.57354271039705	0.518045387562957	0	0	0.559564735858194	0.495932586975903	ACTIVATOR_DOMINANT
MSR1	1.56268902580279	0.560410334405552	0	0	0.457728363894397	0.544550327502845	ACTIVATOR_DOMINANT
MASP2	1.56166599239824	0.574350686690982	0.438246005820693	0	0	0.549069299886567	ACTIVATOR_DOMINANT
PARS2	1.56020815277356	0.518045387562957	0.438246005820693	0	0.603916759389912	0	ACTIVATOR_DOMINANT
ZBTB32	1.55996176704744	0.625422462231547	0	0	0.443125690223715	0.491413614592181	ACTIVATOR_DOMINANT
SIX6	1.55692234040023	0.555176810818092	0	0	0.461714174463013	0.540031355119123	ACTIVATOR_DOMINANT
B3GNT3	1.55148093247537	0	0.438246005820693	0	0.661401107821991	0.451833818832683	ACTIVATOR_DOMINANT
DOK7	1.54978268169006	0.518045387562957	0	0	0.531285734767479	0.500451559359625	ACTIVATOR_DOMINANT
CUBN	1.54739452404334	0.569117163103522	0.438246005820693	0	0	0.540031355119123	ACTIVATOR_DOMINANT
RNASE3	1.54621455813751	0	0.443080029616074	0	0.443125690223715	0.660008838297719	ACTIVATOR_DOMINANT
FGFRL1	1.54594259702712	0	0	0	0.661401107821991	0.884541489205127	DISEASE_RECESSIVE
KCNMB1	1.54174994410108	0.579584210278442	0	0	0.461714174463013	0.500451559359625	ACTIVATOR_DOMINANT
ARHGAP25	1.53804655324830	0.625422462231547	0.460790272184067	0	0	0.451833818832683	ACTIVATOR_DOMINANT
IFI44L	1.53687825880468	0	0.438246005820693	0	0.646798434151309	0.451833818832683	ACTIVATOR_DOMINANT
PCDH15	1.52944394225383	0.518045387562957	0	0	0.559564735858194	0.451833818832683	ACTIVATOR_DOMINANT
LAIR1	1.52655457346723	0.574350686690982	0.460790272184067	0	0	0.491413614592181	ACTIVATOR_DOMINANT
KDELR3	1.52032225898725	0	0.438246005820693	0	0.646798434151309	0.435277819015252	ACTIVATOR_DOMINANT
STAM	1.51804891049571	0.759137561220547	0	0	0	0.758911349275161	ACTIVATOR_DOMINANT
SH2D4A	1.50982274743598	0.555176810818092	0	0	0.544962062187512	0.409683874430377	ACTIVATOR_DOMINANT
CD177	1.50638372667477	0.504105035277527	0	0	0.457728363894397	0.544550327502845	ACTIVATOR_DOMINANT
WDR4	1.49399658404329	0	0.438246005820693	0	0.603916759389912	0.451833818832683	ACTIVATOR_DOMINANT
MEFV	1.48982772685734	0.504105035277527	0	0	0.457728363894397	0.527994327685414	ACTIVATOR_DOMINANT
IMMP1L	1.47914065498411	0	0.438246005820693	0	0.544962062187512	0.495932586975903	ACTIVATOR_DOMINANT
SKA3	1.47165410861477	0.498871511690067	0	0	0.472331037565079	0.500451559359625	ACTIVATOR_DOMINANT
MUC16	1.46206076211347	0.630655985819007	0	0	0	0.831404776294462	ACTIVATOR_DOMINANT
C15orf42	1.44964456051157	0	0.438246005820693	0	0.559564735858194	0.451833818832683	ACTIVATOR_DOMINANT
RHOBTB3	1.4378775590712	0.479697635817178	0	0	0.457728363894397	0.500451559359625	ACTIVATOR_DOMINANT
IFNA16	1.42314745298442	0.611482109946117	0	0.811665343038307	0	0	ACTIVATOR_DOMINANT
MUC4	1.35741714210970	0.498871511690067	0	0	0.400244015462318	0.458301614957319	DISEASE_RECESSIVE,ACTIVATOR_DOMINANT
SLC45A3	1.32140994611971	0	0	0	0.661401107821991	0.660008838297719	ACTIVATOR_DOMINANT
SENP6	1.30228830006531	0	0	0	0.646798434151309	0.655489865913996	ACTIVATOR_DOMINANT
MMP17	1.23654268623276	0.219661321164834	0	0	0.472331037565079	0.544550327502845	ACTIVATOR_DOMINANT
HSD17B14	1.23385397199460	0.688891909807092	0	0	0.544962062187512	0	ACTIVATOR_DOMINANT
PDXDC1	1.22638264442975	0.579584210278442	0	0	0.646798434151309	0	ACTIVATOR_DOMINANT
CCDC57	1.21767800093179	0	0.613761241541883	0	0.603916759389912	0	ACTIVATOR_DOMINANT
UTP20	1.21591559725483	0.569117163103522	0	0	0.646798434151309	0	ACTIVATOR_DOMINANT
DYNC2H1	1.21409076377887	0	0	0	0.646798434151309	0.567292329627556	ACTIVATOR_DOMINANT
PDIA5	1.20720876855686	0.560410334405552	0	0	0.646798434151309	0	ACTIVATOR_DOMINANT
SSFA2	1.20720876855686	0.560410334405552	0	0	0.646798434151309	0	ACTIVATOR_DOMINANT
IL25	1.20700338490710	0	0	0	0.56355054642681	0.643452838480288	ACTIVATOR_DOMINANT
KDM4D	1.19586773403788	0	0	0	0.646798434151309	0.549069299886567	ACTIVATOR_DOMINANT
ME1	1.19134876165415	0	0	0	0.646798434151309	0.544550327502845	ACTIVATOR_DOMINANT
BMP2K	1.18350096966835	0.579584210278442	0	0	0.603916759389912	0	ACTIVATOR_DOMINANT
PRSS1	1.18328774944814	0.523278911150417	0	0	0	0.660008838297719	ACTIVATOR_DOMINANT
CACNA1A	1.17876877706441	0.523278911150417	0	0	0	0.655489865913996	ACTIVATOR_DOMINANT
MACC1	1.17674608798347	0	0	0	0.632195760480627	0.544550327502845	ACTIVATOR_DOMINANT
TNS1	1.17520631332185	0.630655985819007	0	0	0	0.544550327502845	ACTIVATOR_DOMINANT
ERAP1	1.17282070227322	0.512811863975498	0	0	0	0.660008838297719	ACTIVATOR_DOMINANT
FMN1	1.16997278973439	0.625422462231547	0	0	0	0.544550327502845	ACTIVATOR_DOMINANT
DGCR2	1.16185266718162	0	0	0	0.661401107821991	0.500451559359625	ACTIVATOR_DOMINANT
MAEL	1.16185266718162	0	0	0	0.661401107821991	0.500451559359625	ACTIVATOR_DOMINANT
KRT79	1.16056062598692	0.702832262092522	0	0	0.457728363894397	0	ACTIVATOR_DOMINANT
KIR2DS4	1.15831156904473	0	0.613761241541883	0	0	0.544550327502845	ACTIVATOR_DOMINANT
PCDHA4	1.15466608092520	0.702832262092522	0	0	0	0.451833818832683	ACTIVATOR_DOMINANT
MTCH2	1.15298605927648	0	0	0	0.603916759389912	0.549069299886567	ACTIVATOR_DOMINANT
ZNF169	1.15298605927648	0	0	0	0.603916759389912	0.549069299886567	ACTIVATOR_DOMINANT
MARCH10	1.15090346942884	0.504105035277527	0	0	0.646798434151309	0	ACTIVATOR_DOMINANT
SFI1	1.15079891386150	0.606248586358657	0	0	0	0.544550327502845	ACTIVATOR_DOMINANT
ZFYVE28	1.14529666736419	0	0	0	0.661401107821991	0.483895559542194	DISEASE_RECESSIVE
SCAPER	1.13821204874349	0	0	0	0.646798434151309	0.491413614592181	ACTIVATOR_DOMINANT
MUC6	1.13233987586280	0	0	0	0.472331037565079	0.660008838297719	ACTIVATOR_DOMINANT
HOXD11	1.13180671404769	0	0	0	0.476316848133695	0.655489865913996	ACTIVATOR_DOMINANT
FAM134A	1.11997507026375	0.560410334405552	0	0	0.559564735858194	0	ACTIVATOR_DOMINANT
CCDC116	1.11931274887849	0.574350686690982	0	0	0.544962062187512	0	ACTIVATOR_DOMINANT
BCL7A	1.11438204181011	0.574350686690982	0	0	0	0.540031355119123	ACTIVATOR_DOMINANT
MGAT4C	1.11438204181011	0.574350686690982	0	0	0	0.540031355119123	ACTIVATOR_DOMINANT
ZNF426	1.11407922529103	0.569117163103522	0	0	0.544962062187512	0	ACTIVATOR_DOMINANT
SALL2	1.11366749060637	0.569117163103522	0	0	0	0.544550327502845	ACTIVATOR_DOMINANT
OPN4	1.11366749060637	0.569117163103522	0	0	0	0.544550327502845	ACTIVATOR_DOMINANT
NSMAF	1.11366749060637	0.569117163103522	0	0	0	0.544550327502845	ACTIVATOR_DOMINANT
MASP1	1.11366749060637	0.569117163103522	0	0	0	0.544550327502845	ACTIVATOR_DOMINANT
DBN1	1.10914851822265	0.569117163103522	0	0	0	0.540031355119123	ACTIVATOR_DOMINANT
HPS4	1.10436831874954	0	0	0	0.603916759389912	0.500451559359625	ACTIVATOR_DOMINANT
TM9SF1	1.10436831874954	0	0	0	0.603916759389912	0.500451559359625	ACTIVATOR_DOMINANT
RNF213	1.10411506336104	0	0	0	0.559564735858194	0.544550327502845	ACTIVATOR_DOMINANT
MYEOV	1.10411506336104	0	0	0	0.559564735858194	0.544550327502845	ACTIVATOR_DOMINANT
INSRR	1.10411506336104	0	0	0	0.559564735858194	0.544550327502845	ACTIVATOR_DOMINANT
RGL3	1.10313452852143	0	0	0	0.443125690223715	0.660008838297719	ACTIVATOR_DOMINANT
SLC16A6	1.09984934636581	0	0	0	0.603916759389912	0.495932586975903	ACTIVATOR_DOMINANT
ZNF92	1.09863225298399	0	0	0	0.646798434151309	0.451833818832683	ACTIVATOR_DOMINANT
ZNF192	1.09863225298399	0	0	0	0.646798434151309	0.451833818832683	ACTIVATOR_DOMINANT
ARHGEF26	1.09863225298399	0	0	0	0.646798434151309	0.451833818832683	ACTIVATOR_DOMINANT
ZNF160	1.08987846376738	0	0.443080029616074	0	0.646798434151309	0	ACTIVATOR_DOMINANT
IVL	1.08951238969036	0	0	0	0.544962062187512	0.544550327502845	ACTIVATOR_DOMINANT
CAPRIN2	1.08524667269513	0	0	0	0.58931408571923	0.495932586975903	ACTIVATOR_DOMINANT
PUS7	1.08504443997200	0	0.438246005820693	0	0.646798434151309	0	ACTIVATOR_DOMINANT
CEP120	1.08402957931331	0	0	0	0.632195760480627	0.451833818832683	ACTIVATOR_DOMINANT
SLC12A7	1.08207625316656	0	0	0	0.646798434151309	0.435277819015252	ACTIVATOR_DOMINANT
ISPD	1.07028327366689	0.574350686690982	0	0	0	0.495932586975903	ACTIVATOR_DOMINANT
PLEKHA4	1.06956872246315	0.569117163103522	0	0	0	0.500451559359625	ACTIVATOR_DOMINANT
FEZ1	1.06956872246315	0.569117163103522	0	0	0	0.500451559359625	ACTIVATOR_DOMINANT
ARHGEF19	1.06711468744952	0.518045387562957	0	0	0	0.549069299886567	ACTIVATOR_DOMINANT
HDGF	1.06552025334913	0	0	0	0.646798434151309	0.418721819197821	ACTIVATOR_DOMINANT
F13A1	1.06331026626954	0.523278911150417	0	0	0	0.540031355119123	ACTIVATOR_DOMINANT
CAND2	1.06259571506580	0.518045387562957	0	0	0	0.544550327502845	ACTIVATOR_DOMINANT
ZNF83	1.06001629521782	0	0	0	0.559564735858194	0.500451559359625	ACTIVATOR_DOMINANT
MLF2	1.05777392616301	0.512811863975498	0	0	0.544962062187512	0	ACTIVATOR_DOMINANT
LENG9	1.05575057822259	0	0	0	0.603916759389912	0.451833818832683	ACTIVATOR_DOMINANT
PRR12	1.05575057822259	0	0	0	0.603916759389912	0.451833818832683	ACTIVATOR_DOMINANT
TMCO4	1.05575057822259	0	0	0	0.603916759389912	0.451833818832683	ACTIVATOR_DOMINANT
COL27A1	1.05549732283410	0	0	0	0.559564735858194	0.495932586975903	ACTIVATOR_DOMINANT
AIM1	1.05549732283410	0	0	0	0.559564735858194	0.495932586975903	ACTIVATOR_DOMINANT
CORIN	1.05549732283410	0	0	0	0.559564735858194	0.495932586975903	ACTIVATOR_DOMINANT
CLSTN2	1.05549732283410	0	0	0	0.559564735858194	0.495932586975903	ACTIVATOR_DOMINANT
ITLN2	1.05549732283410	0	0	0	0.559564735858194	0.495932586975903	ACTIVATOR_DOMINANT
PGLYRP3	1.05549732283410	0	0	0	0.559564735858194	0.495932586975903	ACTIVATOR_DOMINANT
EXD2	1.05123160583887	0	0	0	0.603916759389912	0.447314846448961	ACTIVATOR_DOMINANT
RABGGTA	1.05123160583887	0	0	0	0.603916759389912	0.447314846448961	ACTIVATOR_DOMINANT
KIF7	1.04865536278037	0.504105035277527	0	0	0	0.544550327502845	ACTIVATOR_DOMINANT
MOCS2	1.04383357387758	0.498871511690067	0	0	0.544962062187512	0	ACTIVATOR_DOMINANT
SCAI	1.04089464916342	0	0	0	0.544962062187512	0.495932586975903	ACTIVATOR_DOMINANT
FBXL19	1.03919457840516	0	0	0	0.603916759389912	0.435277819015252	ACTIVATOR_DOMINANT
OR51B2	1.03124240690168	0.523278911150417	0.507963495751263	0	0	0	ACTIVATOR_DOMINANT
DMBT1	1.02480090200538	0.549943287230632	0	0	0	0.47485761477475	DISEASE_RECESSIVE,ACTIVATOR_DOMINANT
SERPINB8	1.02140033745165	0	0	0	0.472331037565079	0.549069299886567	ACTIVATOR_DOMINANT
ADRA1A	1.02095098193620	0.569117163103522	0	0	0	0.451833818832683	ACTIVATOR_DOMINANT
NBEAL2	1.02035500804226	0	0.460790272184067	0	0.559564735858194	0	ACTIVATOR_DOMINANT
OR51B6	1.01836618812907	0.523278911150417	0.495087276978651	0	0	0	ACTIVATOR_DOMINANT
WDR36	1.01783021609914	0.579584210278442	0.438246005820693	0	0	0	ACTIVATOR_DOMINANT
PEX11G	1.01139855469088	0	0	0	0.559564735858194	0.451833818832683	ACTIVATOR_DOMINANT
ZNF554	1.01139855469088	0	0	0	0.559564735858194	0.451833818832683	ACTIVATOR_DOMINANT
ZNF462	1.01139855469088	0	0	0	0.559564735858194	0.451833818832683	ACTIVATOR_DOMINANT
CLEC1B	1.00945900215514	0.518045387562957	0	0	0	0.491413614592181	ACTIVATOR_DOMINANT
TRIM7	1.00455659463715	0.504105035277527	0	0	0	0.500451559359625	ACTIVATOR_DOMINANT
RNF180	0.999323071049693	0.498871511690067	0	0	0	0.500451559359625	ACTIVATOR_DOMINANT
SLC22A18	0.99775971901352	0	0	0	0.457728363894397	0.540031355119123	ACTIVATOR_DOMINANT
ZNF444	0.996795881020195	0	0	0	0.544962062187512	0.451833818832683	ACTIVATOR_DOMINANT
PLA2R1	0.995518649869708	0.504105035277527	0	0	0	0.491413614592181	ACTIVATOR_DOMINANT
ASMTL	0.994842554873446	0	0	0	0.559564735858194	0.435277819015252	ACTIVATOR_DOMINANT
LCN10	0.994842554873446	0	0	0	0.559564735858194	0.435277819015252	ACTIVATOR_DOMINANT
CDK10	0.99480409866597	0.498871511690067	0	0	0	0.495932586975903	ACTIVATOR_DOMINANT
CMYA5	0.993422816638785	0.555176810818092	0.438246005820693	0	0	0	ACTIVATOR_DOMINANT
TMC4	0.990323582489724	0	0	0	0.559564735858194	0.43075884663153	ACTIVATOR_DOMINANT
PCK1	0.98767601772656	0	0	0	0.443125690223715	0.544550327502845	ACTIVATOR_DOMINANT
FCRLA	0.98731530570726	0	0.438246005820693	0	0	0.549069299886567	ACTIVATOR_DOMINANT
MAN2B1	0.983119553600161	0	0	0	0.531285734767479	0.451833818832683	ACTIVATOR_DOMINANT
PCNXL2	0.983119553600161	0	0	0	0.531285734767479	0.451833818832683	ACTIVATOR_DOMINANT
OR52E6	0.9751127299831	0.523278911150417	0	0	0	0.451833818832683	ACTIVATOR_DOMINANT
CATSPER4	0.973767582672293	0	0	0	0.559564735858194	0.414202846814099	ACTIVATOR_DOMINANT
PRUNE2	0.971202549255147	0.498871511690067	0	0	0.472331037565079	0	ACTIVATOR_DOMINANT
PTPRN2	0.969480717922805	0	0	0	0.429449362803682	0.540031355119123	ACTIVATOR_DOMINANT
EML2	0.966404601374133	0.523278911150417	0	0	0.443125690223715	0	ACTIVATOR_DOMINANT
OR10J3	0.966404601374133	0.523278911150417	0	0	0.443125690223715	0	ACTIVATOR_DOMINANT
FAT1	0.951419881726488	0.504105035277527	0	0	0	0.447314846448961	ACTIVATOR_DOMINANT
LRG1	0.94357724958334	0	0	0	0.443125690223715	0.500451559359625	ACTIVATOR_DOMINANT
CDH20	0.933886732731923	0	0	0	0.433435173372298	0.500451559359625	ACTIVATOR_DOMINANT
DAGLB	0.93153145464986	0.479697635817178	0	0	0	0.451833818832683	ACTIVATOR_DOMINANT
ANGPTL6	0.928150666966378	0	0	0	0.476316848133695	0.451833818832683	ACTIVATOR_DOMINANT
PDE4DIP	0.920208978419889	0.484931159404637	0	0	0	0.435277819015252	ACTIVATOR_DOMINANT
YIPF1	0.884903683050013	0.224894844752294	0	0	0	0.660008838297719	ACTIVATOR_DOMINANT
FUT8	0.882500275018187	0	0	0	0.386567688042284	0.495932586975903	ACTIVATOR_DOMINANT
KBTBD8	0.876450183092218	0	0	0	0.457728363894397	0.418721819197821	ACTIVATOR_DOMINANT
TAS2R1	0.861847509421536	0	0	0	0.443125690223715	0.418721819197821	ACTIVATOR_DOMINANT
SLC28A1	0.765703031852216	0	0	0	0.274289417260035	0.491413614592181	ACTIVATOR_DOMINANT
XIRP2	0.74452027998481	0.244068720625184	0	0	0	0.500451559359625	ACTIVATOR_DOMINANT
CRISP1	0.66452781068144	0	0	0	0	0.66452781068144	ACTIVATOR_DOMINANT
CXorf58	0.661401107821991	0	0	0	0.661401107821991	0	ACTIVATOR_DOMINANT
ZNF134	0.661401107821991	0	0	0	0.661401107821991	0	ACTIVATOR_DOMINANT
ZNF749	0.661401107821991	0	0	0	0.661401107821991	0	ACTIVATOR_DOMINANT
ZNF230	0.661401107821991	0	0	0	0.661401107821991	0	ACTIVATOR_DOMINANT
TBC1D28	0.661401107821991	0	0	0	0.661401107821991	0	ACTIVATOR_DOMINANT
SDR39U1	0.661401107821991	0	0	0	0.661401107821991	0	ACTIVATOR_DOMINANT
ANKRD18A	0.661401107821991	0	0	0	0.661401107821991	0	ACTIVATOR_DOMINANT
CTAGE15P	0.661401107821991	0	0	0	0.661401107821991	0	ACTIVATOR_DOMINANT
ACOX3	0.661401107821991	0	0	0	0.661401107821991	0	ACTIVATOR_DOMINANT
TMEM171	0.660008838297719	0	0	0	0	0.660008838297719	DISEASE_RECESSIVE
GCAT	0.646798434151309	0	0	0	0.646798434151309	0	ACTIVATOR_DOMINANT
MICAL3	0.646798434151309	0	0	0	0.646798434151309	0	ACTIVATOR_DOMINANT
ZNF225	0.646798434151309	0	0	0	0.646798434151309	0	ACTIVATOR_DOMINANT
WDR87	0.646798434151309	0	0	0	0.646798434151309	0	ACTIVATOR_DOMINANT
ABCA5	0.646798434151309	0	0	0	0.646798434151309	0	ACTIVATOR_DOMINANT
KIAA0664	0.646798434151309	0	0	0	0.646798434151309	0	ACTIVATOR_DOMINANT
HCFC1R1	0.646798434151309	0	0	0	0.646798434151309	0	ACTIVATOR_DOMINANT
C14orf21	0.646798434151309	0	0	0	0.646798434151309	0	ACTIVATOR_DOMINANT
TMEM120B	0.646798434151309	0	0	0	0.646798434151309	0	ACTIVATOR_DOMINANT
TM7SF3	0.646798434151309	0	0	0	0.646798434151309	0	ACTIVATOR_DOMINANT
C11orf35	0.646798434151309	0	0	0	0.646798434151309	0	ACTIVATOR_DOMINANT
ZNF596	0.646798434151309	0	0	0	0.646798434151309	0	ACTIVATOR_DOMINANT
KIAA1324L	0.646798434151309	0	0	0	0.646798434151309	0	ACTIVATOR_DOMINANT
C7orf31	0.646798434151309	0	0	0	0.646798434151309	0	ACTIVATOR_DOMINANT
VWDE	0.646798434151309	0	0	0	0.646798434151309	0	ACTIVATOR_DOMINANT
AKD1	0.646798434151309	0	0	0	0.646798434151309	0	ACTIVATOR_DOMINANT
TTC37	0.646798434151309	0	0	0	0.646798434151309	0	ACTIVATOR_DOMINANT
ZCCHC9	0.646798434151309	0	0	0	0.646798434151309	0	ACTIVATOR_DOMINANT
CAPN7	0.646798434151309	0	0	0	0.646798434151309	0	ACTIVATOR_DOMINANT
CCDC138	0.646798434151309	0	0	0	0.646798434151309	0	ACTIVATOR_DOMINANT
EFCAB7	0.646798434151309	0	0	0	0.646798434151309	0	ACTIVATOR_DOMINANT
PALM3	0.632195760480627	0	0	0	0.632195760480627	0	ACTIVATOR_DOMINANT
DOCK6	0.632195760480627	0	0	0	0.632195760480627	0	ACTIVATOR_DOMINANT
FAM76A	0.632195760480627	0	0	0	0.632195760480627	0	ACTIVATOR_DOMINANT
TMPRSS15	0.611391097770776	0	0	0	0	0.611391097770776	ACTIVATOR_DOMINANT
ATP10A	0.611391097770776	0	0	0	0	0.611391097770776	ACTIVATOR_DOMINANT
C12orf43	0.603916759389912	0	0	0	0.603916759389912	0	ACTIVATOR_DOMINANT
TTLL12	0.58931408571923	0	0	0	0.58931408571923	0	ACTIVATOR_DOMINANT
MC1R	0.58931408571923	0	0	0	0.58931408571923	0	ACTIVATOR_DOMINANT
ZCWPW2	0.58931408571923	0	0	0	0.58931408571923	0	ACTIVATOR_DOMINANT
KIAA1217	0.569117163103522	0.569117163103522	0	0	0	0	ACTIVATOR_DOMINANT
KIF4B	0.569117163103522	0.569117163103522	0	0	0	0	ACTIVATOR_DOMINANT
ZC3H3	0.567292329627556	0	0	0	0	0.567292329627556	ACTIVATOR_DOMINANT
SLFN12L	0.559564735858194	0	0	0	0.559564735858194	0	ACTIVATOR_DOMINANT
ARMC5	0.559564735858194	0	0	0	0.559564735858194	0	ACTIVATOR_DOMINANT
RNASE8	0.559564735858194	0	0	0	0.559564735858194	0	ACTIVATOR_DOMINANT
C12orf42	0.559564735858194	0	0	0	0.559564735858194	0	ACTIVATOR_DOMINANT
ADAMTS14	0.559564735858194	0	0	0	0.559564735858194	0	ACTIVATOR_DOMINANT
C8orf80	0.559564735858194	0	0	0	0.559564735858194	0	ACTIVATOR_DOMINANT
FAM115C	0.559564735858194	0	0	0	0.559564735858194	0	ACTIVATOR_DOMINANT
PCDHA7	0.559564735858194	0	0	0	0.559564735858194	0	ACTIVATOR_DOMINANT
DNAH14	0.559564735858194	0	0	0	0.559564735858194	0	ACTIVATOR_DOMINANT
CELA2B	0.559564735858194	0	0	0	0.559564735858194	0	ACTIVATOR_DOMINANT
HEATR7B2	0.549069299886567	0	0	0	0	0.549069299886567	ACTIVATOR_DOMINANT
AHNAK2	0.544962062187512	0	0	0	0.544962062187512	0	ACTIVATOR_DOMINANT
C14orf45	0.544962062187512	0	0	0	0.544962062187512	0	ACTIVATOR_DOMINANT
PITRM1	0.544962062187512	0	0	0	0.544962062187512	0	ACTIVATOR_DOMINANT
C3orf20	0.544962062187512	0	0	0	0.544962062187512	0	ACTIVATOR_DOMINANT
ELMOD3	0.544962062187512	0	0	0	0.544962062187512	0	ACTIVATOR_DOMINANT
SLITRK6	0.544550327502845	0	0	0	0	0.544550327502845	ACTIVATOR_DOMINANT
PRRG4	0.544550327502845	0	0	0	0	0.544550327502845	ACTIVATOR_DOMINANT
POMGNT1	0.544550327502845	0	0	0	0	0.544550327502845	ACTIVATOR_DOMINANT
SGSM1	0.540031355119123	0	0	0	0	0.540031355119123	ACTIVATOR_DOMINANT
IL17REL	0.531285734767479	0	0	0	0.531285734767479	0	ACTIVATOR_DOMINANT
OR7D4	0.523278911150417	0.523278911150417	0	0	0	0	ACTIVATOR_DOMINANT
OR10G3	0.523278911150417	0.523278911150417	0	0	0	0	ACTIVATOR_DOMINANT
OR6S1	0.523278911150417	0.523278911150417	0	0	0	0	ACTIVATOR_DOMINANT
OR10AD1	0.523278911150417	0.523278911150417	0	0	0	0	ACTIVATOR_DOMINANT
OR8D2	0.523278911150417	0.523278911150417	0	0	0	0	ACTIVATOR_DOMINANT
OR10G9	0.523278911150417	0.523278911150417	0	0	0	0	ACTIVATOR_DOMINANT
OR6M1	0.523278911150417	0.523278911150417	0	0	0	0	ACTIVATOR_DOMINANT
OR8H1	0.523278911150417	0.523278911150417	0	0	0	0	ACTIVATOR_DOMINANT
OR52N1	0.523278911150417	0.523278911150417	0	0	0	0	ACTIVATOR_DOMINANT
OR52K1	0.523278911150417	0.523278911150417	0	0	0	0	ACTIVATOR_DOMINANT
OR2T11	0.523278911150417	0.523278911150417	0	0	0	0	ACTIVATOR_DOMINANT
OR2AK2	0.523278911150417	0.523278911150417	0	0	0	0	ACTIVATOR_DOMINANT
OR2G2	0.523278911150417	0.523278911150417	0	0	0	0	ACTIVATOR_DOMINANT
OR2B11	0.523278911150417	0.523278911150417	0	0	0	0	ACTIVATOR_DOMINANT
OR10T2	0.523278911150417	0.523278911150417	0	0	0	0	ACTIVATOR_DOMINANT
MTMR7	0.504105035277527	0.504105035277527	0	0	0	0	ACTIVATOR_DOMINANT
BEST2	0.500451559359625	0	0	0	0	0.500451559359625	ACTIVATOR_DOMINANT
TSPAN10	0.500451559359625	0	0	0	0	0.500451559359625	ACTIVATOR_DOMINANT
ADAMTSL3	0.500451559359625	0	0	0	0	0.500451559359625	ACTIVATOR_DOMINANT
ABCB5	0.500451559359625	0	0	0	0	0.500451559359625	ACTIVATOR_DOMINANT
ZNF804A	0.500451559359625	0	0	0	0	0.500451559359625	ACTIVATOR_DOMINANT
MYOM3	0.500451559359625	0	0	0	0	0.500451559359625	ACTIVATOR_DOMINANT
NLRP5	0.495932586975903	0	0	0	0	0.495932586975903	ACTIVATOR_DOMINANT
EMR1	0.495932586975903	0	0	0	0	0.495932586975903	ACTIVATOR_DOMINANT
C15orf2	0.495932586975903	0	0	0	0	0.495932586975903	ACTIVATOR_DOMINANT
BST1	0.495932586975903	0	0	0	0	0.495932586975903	ACTIVATOR_DOMINANT
VAX2	0.495932586975903	0	0	0	0	0.495932586975903	ACTIVATOR_DOMINANT
TPTE	0.491413614592181	0	0	0	0	0.491413614592181	ACTIVATOR_DOMINANT
ADAM33	0.491413614592181	0	0	0	0	0.491413614592181	ACTIVATOR_DOMINANT
UPK1A	0.491413614592181	0	0	0	0	0.491413614592181	ACTIVATOR_DOMINANT
PKD1L2	0.491413614592181	0	0	0	0	0.491413614592181	ACTIVATOR_DOMINANT
TMEM2	0.483895559542194	0	0	0	0	0.483895559542194	ACTIVATOR_DOMINANT
HLA-L	0.476316848133695	0	0	0	0.476316848133695	0	ACTIVATOR_DOMINANT
VSIG10L	0.472331037565079	0	0	0	0.472331037565079	0	ACTIVATOR_DOMINANT
OR13J1	0.472331037565079	0	0	0	0.472331037565079	0	ACTIVATOR_DOMINANT
SLFN12	0.457728363894397	0	0	0	0.457728363894397	0	ACTIVATOR_DOMINANT
FAM185A	0.457728363894397	0	0	0	0.457728363894397	0	ACTIVATOR_DOMINANT
WBSCR27	0.457728363894397	0	0	0	0.457728363894397	0	ACTIVATOR_DOMINANT
C5orf27	0.457728363894397	0	0	0	0.457728363894397	0	ACTIVATOR_DOMINANT
SLC9A11	0.457728363894397	0	0	0	0.457728363894397	0	ACTIVATOR_DOMINANT
CCDC163P	0.457728363894397	0	0	0	0.457728363894397	0	ACTIVATOR_DOMINANT
MAGEC1	0.451833818832683	0	0	0	0	0.451833818832683	ACTIVATOR_DOMINANT
KIF19	0.451833818832683	0	0	0	0	0.451833818832683	ACTIVATOR_DOMINANT
XYLT2	0.451833818832683	0	0	0	0	0.451833818832683	ACTIVATOR_DOMINANT
PDIA2	0.451833818832683	0	0	0	0	0.451833818832683	ACTIVATOR_DOMINANT
RNF17	0.451833818832683	0	0	0	0	0.451833818832683	ACTIVATOR_DOMINANT
SBNO1	0.451833818832683	0	0	0	0	0.451833818832683	ACTIVATOR_DOMINANT
ATP10D	0.451833818832683	0	0	0	0	0.451833818832683	ACTIVATOR_DOMINANT
TAS1R2	0.451833818832683	0	0	0	0	0.451833818832683	ACTIVATOR_DOMINANT
RPRD2	0.443125690223715	0	0	0	0.443125690223715	0	ACTIVATOR_DOMINANT
RNASE9	0.435277819015252	0	0	0	0	0.435277819015252	ACTIVATOR_DOMINANT
ADAMTSL1	0.435277819015252	0	0	0	0	0.435277819015252	ACTIVATOR_DOMINANT
RELL2	0.435277819015252	0	0	0	0	0.435277819015252	ACTIVATOR_DOMINANT
DNAH17	0.418721819197821	0	0	0	0	0.418721819197821	ACTIVATOR_DOMINANT
ADAMTS18	0.418721819197821	0	0	0	0	0.418721819197821	ACTIVATOR_DOMINANT
CCDC102B	0.414202846814099	0	0	0	0	0.414202846814099	ACTIVATOR_DOMINANT
ZCCHC16	0.409683874430377	0	0	0	0	0.409683874430377	ACTIVATOR_DOMINANT
JAKMIP3	0.409683874430377	0	0	0	0	0.409683874430377	ACTIVATOR_DOMINANT
STK31	0.409683874430377	0	0	0	0	0.409683874430377	ACTIVATOR_DOMINANT
SLCO5A1	0.320017676595437	0	0	0	0	0.320017676595437	ACTIVATOR_DOMINANT
CDH19	0.185151223522969	0	0	0	0	0.185151223522969	ACTIVATOR_DOMINANT
ZNF407	0.0696927127280953	0	0	0	0	0.0696927127280953	ACTIVATOR_DOMINANT
ACTRT1	0	0	0	0	0	0	ACTIVATOR_DOMINANT
FAM47A	0	0	0	0	0	0	ACTIVATOR_DOMINANT
SHANK3	0	0	0	0	0	0	ACTIVATOR_DOMINANT
ARHGAP8,PRR5-ARHGAP8	0	0	0	0	0	0	ACTIVATOR_DOMINANT
KRTAP12-2	0	0	0	0	0	0	ACTIVATOR_DOMINANT
FAM182A	0	0	0	0	0	0	ACTIVATOR_DOMINANT
SEL1L2	0	0	0	0	0	0	ACTIVATOR_DOMINANT
ZIM3	0	0	0	0	0	0	ACTIVATOR_DOMINANT
ZNF835	0	0	0	0	0	0	ACTIVATOR_DOMINANT
NLRP13	0	0	0	0	0	0	ACTIVATOR_DOMINANT
KIR2DS4;KIR2DS4	0	0	0	0	0	0	ACTIVATOR_DOMINANT
KIR3DX1	0	0	0	0	0	0	ACTIVATOR_DOMINANT
TARM1	0	0	0	0	0	0	ACTIVATOR_DOMINANT
MIR518D	0	0	0	0	0	0	ACTIVATOR_DOMINANT
MLL4	0	0	0	0	0	0	ACTIVATOR_DOMINANT
LOC100128675	0	0	0	0	0	0	ACTIVATOR_DOMINANT
TMPRSS9	0	0	0	0	0	0	ACTIVATOR_DOMINANT
C17orf47	0	0	0	0	0	0	ACTIVATOR_DOMINANT
GPR179	0	0	0	0	0	0	ACTIVATOR_DOMINANT
ABCC11;ABCC11	0	0	0	0	0	0	ACTIVATOR_DOMINANT
ARRDC4	0	0	0	0	0	0	ACTIVATOR_DOMINANT
MEGF11	0	0	0	0	0	0	ACTIVATOR_DOMINANT
RAGE	0	0	0	0	0	0	ACTIVATOR_DOMINANT
MIR300	0	0	0	0	0	0	ACTIVATOR_DOMINANT
FAM181A	0	0	0	0	0	0	ACTIVATOR_DOMINANT
KIAA1409	0	0	0	0	0	0	ACTIVATOR_DOMINANT
OR11H12	0	0	0	0	0	0	ACTIVATOR_DOMINANT
MIR548F5	0	0	0	0	0	0	ACTIVATOR_DOMINANT
WDR66;WDR66	0	0	0	0	0	0	ACTIVATOR_DOMINANT
ACADS;ACADS	0	0	0	0	0	0	ACTIVATOR_DOMINANT
DENND5B	0	0	0	0	0	0	ACTIVATOR_DOMINANT
TAS2R42	0	0	0	0	0	0	ACTIVATOR_DOMINANT
TAS2R43	0	0	0	0	0	0	ACTIVATOR_DOMINANT
DDX12	0	0	0	0	0	0	ACTIVATOR_DOMINANT
HEPN1	0	0	0	0	0	0	ACTIVATOR_DOMINANT
PANX3	0	0	0	0	0	0	ACTIVATOR_DOMINANT
HSPB2-C11ORF52	0	0	0	0	0	0	ACTIVATOR_DOMINANT
MRGPRF;MRGPRF	0	0	0	0	0	0	ACTIVATOR_DOMINANT
DNHD1	0	0	0	0	0	0	ACTIVATOR_DOMINANT
OSBPL5	0	0	0	0	0	0	ACTIVATOR_DOMINANT
PNLIPRP2	0	0	0	0	0	0	ACTIVATOR_DOMINANT
SYT15	0	0	0	0	0	0	ACTIVATOR_DOMINANT
ARMC4;ARMC4	0	0	0	0	0	0	ACTIVATOR_DOMINANT
NEBL;NEBL	0	0	0	0	0	0	ACTIVATOR_DOMINANT
MRC1,MRC1L1	0	0	0	0	0	0	ACTIVATOR_DOMINANT
NCRNA00200	0	0	0	0	0	0	ACTIVATOR_DOMINANT
LOC286238	0	0	0	0	0	0	ACTIVATOR_DOMINANT
C9orf123	0	0	0	0	0	0	ACTIVATOR_DOMINANT
C8orf34	0	0	0	0	0	0	ACTIVATOR_DOMINANT
IDO2	0	0	0	0	0	0	ACTIVATOR_DOMINANT
ADAM7	0	0	0	0	0	0	ACTIVATOR_DOMINANT
ADAMDEC1	0	0	0	0	0	0	ACTIVATOR_DOMINANT
R3HCC1	0	0	0	0	0	0	ACTIVATOR_DOMINANT
C8orf79	0	0	0	0	0	0	ACTIVATOR_DOMINANT
SGK223	0	0	0	0	0	0	ACTIVATOR_DOMINANT
ZAN	0	0	0	0	0	0	ACTIVATOR_DOMINANT
PCLO	0	0	0	0	0	0	ACTIVATOR_DOMINANT
CCDC146	0	0	0	0	0	0	ACTIVATOR_DOMINANT
DNAH11	0	0	0	0	0	0	ACTIVATOR_DOMINANT
C6orf208,NCRNA00242	0	0	0	0	0	0	ACTIVATOR_DOMINANT
FAM162B	0	0	0	0	0	0	ACTIVATOR_DOMINANT
MUTED-TXNDC5	0	0	0	0	0	0	ACTIVATOR_DOMINANT
GABRP	0	0	0	0	0	0	ACTIVATOR_DOMINANT
PCDHB16	0	0	0	0	0	0	ACTIVATOR_DOMINANT
PCDHB8	0	0	0	0	0	0	ACTIVATOR_DOMINANT
PCDHB3	0	0	0	0	0	0	ACTIVATOR_DOMINANT
PCDHA6	0	0	0	0	0	0	ACTIVATOR_DOMINANT
C5orf20	0	0	0	0	0	0	ACTIVATOR_DOMINANT
RNU5D,RNU5E	0	0	0	0	0	0	ACTIVATOR_DOMINANT
FLJ37543	0	0	0	0	0	0	ACTIVATOR_DOMINANT
ANKRD55	0	0	0	0	0	0	ACTIVATOR_DOMINANT
DDX60L	0	0	0	0	0	0	ACTIVATOR_DOMINANT
PABPC4L	0	0	0	0	0	0	ACTIVATOR_DOMINANT
DTHD1	0	0	0	0	0	0	ACTIVATOR_DOMINANT
OTOL1	0	0	0	0	0	0	ACTIVATOR_DOMINANT
TMPRSS7	0	0	0	0	0	0	ACTIVATOR_DOMINANT
GRIP2	0	0	0	0	0	0	ACTIVATOR_DOMINANT
C3orf31	0	0	0	0	0	0	ACTIVATOR_DOMINANT
CERKL	0	0	0	0	0	0	ACTIVATOR_DOMINANT
MIR1258	0	0	0	0	0	0	ACTIVATOR_DOMINANT
RGPD4;RGPD4	0	0	0	0	0	0	ACTIVATOR_DOMINANT
MYBPH;MYBPH	0	0	0	0	0	0	ACTIVATOR_DOMINANT
LOC100527964	0	0	0	0	0	0	ACTIVATOR_DOMINANT
C1orf129	0	0	0	0	0	0	ACTIVATOR_DOMINANT
ANKRD35	0	0	0	0	0	0	ACTIVATOR_DOMINANT
FAM151A	0	0	0	0	0	0	ACTIVATOR_DOMINANT
GLIS1	0	0	0	0	0	0	ACTIVATOR_DOMINANT
PRAMEF1	0	0	0	0	0	0	ACTIVATOR_DOMINANT
gene	0	0	0	0	0	0	ACTIVATOR_DOMINANT
PRAMEF7,PRAMEF8	0	0	0	0	0	0	DISEASE_RECESSIVE
GCNT4	0	0	0	0	0	0	DISEASE_RECESSIVE
