global_score	binding	functional	ptmod	regulation	textmining	fams
MUC4	4.05633062088695	1	0.560357559482015	0.61503656812079	0.880936493284148	1	DISEASE_RECESSIVE,ACTIVATOR_DOMINANT
TLR4	3.97142276184459	0.787802225891415	0.738204986898888	0.810238131045534	0.854788788228479	0.780388629780278	DISEASE_RECESSIVE,ACTIVATOR_DOMINANT
TTN	3.82358459281692	0.767297878933636	0.87714004175628	0.810238131045534	0.645614703314722	0.723293837766749	ACTIVATOR_DOMINANT
TLR10	3.72564957134936	0.62370319955337	0.91109632910797	0.810238131045534	0.72028478000113	0.66032713164136	ACTIVATOR_DOMINANT
DMBT1	3.64603770754166	1	0.560357559482015	0.61503656812079	0.470643579938853	1	ACTIVATOR_DOMINANT
TOPBP1	3.61572493526567	0.62370319955337	0.738204986898888	0.810238131045534	0.72028478000113	0.723293837766749	ACTIVATOR_DOMINANT
LILRB1	3.60125653099459	0.798390233809177	0.914575962015121	0.307518284060395	0.790825915086243	0.789946136023651	ACTIVATOR_DOMINANT
INS-IGF2	3.50957738343557	0.787802225891415	0.280178779741007	0.80641895979439	0.854788788228479	0.780388629780278	ACTIVATOR_DOMINANT
CARD8	3.48262629797623	0.62370319955337	0.734725353991736	0.810238131045534	0.72028478000113	0.593674833384457	ACTIVATOR_DOMINANT
LTF	3.46891052992877	0.9108925583139	0.280178779741007	0.712659348153198	0.645614703314722	0.919565140405943	ACTIVATOR_DOMINANT
MUC2	3.45270892796806	0.9108925583139	0.809444449799563	0.307518284060395	0.634907499770549	0.789946136023651	ACTIVATOR_DOMINANT
HSPG2	3.38173395732631	0.841136707149981	0.725456778482512	0.307518284060395	0.72028478000113	0.787337407632293	ACTIVATOR_DOMINANT
ATM	3.3323857623636	0.798390233809177	0.280178779741007	0.810238131045534	0.72028478000113	0.723293837766749	ACTIVATOR_DOMINANT
BMP2	3.32973095052359	0.767297878933636	0.280178779741007	0.671570476359045	0.823346407857608	0.787337407632293	ACTIVATOR_DOMINANT
MAP3K1	3.31224024820246	0.787802225891415	0.280178779741007	0.810238131045534	0.72028478000113	0.713736331523375	ACTIVATOR_DOMINANT
NCOR2	3.29190177148479	0.798390233809177	0.280178779741007	0.712659348153198	0.72028478000113	0.780388629780278	ACTIVATOR_DOMINANT
THBS1	3.28016406626623	0.787802225891415	0.280178779741007	0.712659348153198	0.709577576456958	0.789946136023651	ACTIVATOR_DOMINANT
IL2RB	3.2341481697783	0.64420754651115	0.280178779741007	0.810238131045534	0.709577576456958	0.789946136023651	ACTIVATOR_DOMINANT
FOXP2	3.22855367392069	0.62370319955337	0.280178779741007	0.810238131045534	0.793748454205388	0.72068510937539	ACTIVATOR_DOMINANT
PFKFB3	3.20533115698698	0.62370319955337	0.280178779741007	0.712659348153198	0.865495991772651	0.723293837766749	ACTIVATOR_DOMINANT
FOXM1	3.18933533432463	0.654795554428912	0.738204986898888	0.307518284060395	0.698870372912786	0.789946136023651	ACTIVATOR_DOMINANT
EDNRA	3.18354622336564	0.62370319955337	0.738204986898888	0.307518284060395	0.790825915086243	0.723293837766749	ACTIVATOR_DOMINANT
CUX1	3.17808387943916	0.654795554428912	0.280178779741007	0.810238131045534	0.709577576456958	0.723293837766749	ACTIVATOR_DOMINANT
CSN1S1	3.17121579831045	0.654795554428912	0.280178779741007	0.810238131045534	0.645614703314722	0.780388629780278	ACTIVATOR_DOMINANT
TRAF3	3.16852637319579	0.654795554428912	0.280178779741007	0.810238131045534	0.709577576456958	0.713736331523375	ACTIVATOR_DOMINANT
OBSCN	3.16074066851393	0.798390233809177	0.873660408849128	0.307518284060395	0.587496908410776	0.593674833384457	ACTIVATOR_DOMINANT
STXBP2	3.15871890279942	0.616005196220449	0.923844537524345	0.307518284060395	0.72028478000113	0.591066104993099	ACTIVATOR_DOMINANT
TAF1C	3.15508999971643	0.62370319955337	0.280178779741007	0.810238131045534	0.72028478000113	0.72068510937539	ACTIVATOR_DOMINANT
CALU	3.15237019993136	0.654795554428912	0.809444449799563	0.307518284060395	0.72028478000113	0.66032713164136	ACTIVATOR_DOMINANT
MCM10	3.14557022256315	0.62370319955337	0.91109632910797	0.307518284060395	0.709577576456958	0.593674833384457	ACTIVATOR_DOMINANT
ADAMTS4	3.13735881842258	0.696349055302131	0.750953195315263	0.307518284060395	0.65924444597804	0.723293837766749	ACTIVATOR_DOMINANT
FCAR	3.12070834316343	0.697542027769716	0.738204986898888	0.307518284060395	0.587496908410776	0.789946136023651	ACTIVATOR_DOMINANT
PML	3.11060588739058	0.787802225891415	0.280178779741007	0.671570476359045	0.72028478000113	0.650769625397986	ACTIVATOR_DOMINANT
RASA1	3.09459996717121	0.787802225891415	0.280178779741007	0.712659348153198	0.72028478000113	0.593674833384457	ACTIVATOR_DOMINANT
BCLAF1	3.09103499183889	0.626593204138211	0.649301316006857	0.307518284060395	0.72028478000113	0.787337407632293	ACTIVATOR_DOMINANT
ADCY10	3.08912626099189	0.647097551095991	0.280178779741007	0.712659348153198	0.65924444597804	0.789946136023651	ACTIVATOR_DOMINANT
HTT	3.08910123419501	0.784912221306575	0.280178779741007	0.712659348153198	0.72028478000113	0.591066104993099	ACTIVATOR_DOMINANT
WRNIP1	3.08683701816625	0.767297878933636	0.59911718733164	0.307518284060395	0.72028478000113	0.692618887839452	ACTIVATOR_DOMINANT
TGOLN2	3.08674990447629	0.552754375921866	0.280178779741007	0.810238131045534	0.72028478000113	0.723293837766749	ACTIVATOR_DOMINANT
IL6R	3.08379398856931	0.64420754651115	0.280178779741007	0.810238131045534	0.68884239963026	0.66032713164136	ACTIVATOR_DOMINANT
KL	3.07552905286287	0.64420754651115	0.280178779741007	0.712659348153198	0.648537242433867	0.789946136023651	ACTIVATOR_DOMINANT
TYROBP	3.06942736646966	0.654795554428912	0.738204986898888	0.307518284060395	0.645614703314722	0.723293837766749	ACTIVATOR_DOMINANT
SPTA1	3.05646833935404	0.787802225891415	0.280178779741007	0.810238131045534	0.584574369291631	0.593674833384457	ACTIVATOR_DOMINANT
CD274	3.04733512892039	0.654795554428912	0.280178779741007	0.80641895979439	0.645614703314722	0.66032713164136	ACTIVATOR_DOMINANT
CHGB	3.03729017373877	0.62370319955337	0.725456778482512	0.307518284060395	0.72028478000113	0.66032713164136	ACTIVATOR_DOMINANT
SCN1A	3.02376428902955	0.542166368004104	0.738204986898888	0.307518284060395	0.648537242433867	0.787337407632293	ACTIVATOR_DOMINANT
MYOM2	3.01867883969934	0.767297878933636	0.688020858223671	0.307518284060395	0.662166985097185	0.593674833384457	ACTIVATOR_DOMINANT
SMAD6	3.00782834213998	0.767297878933636	0.280178779741007	0.307518284060395	0.865495991772651	0.787337407632293	ACTIVATOR_DOMINANT
LLGL2	2.99752852029119	0.770187883518476	0.738204986898888	0.307518284060395	0.72028478000113	0.461332585812304	ACTIVATOR_DOMINANT
FRK	2.99715323909007	0.62370319955337	0.280178779741007	0.712659348153198	0.72028478000113	0.66032713164136	ACTIVATOR_DOMINANT
MYH9	2.98991105195278	0.654795554428912	0.280178779741007	0.810238131045534	0.72028478000113	0.524413806736196	ACTIVATOR_DOMINANT
OCA2	2.98498700445533	0.62370319955337	0.280178779741007	0.712659348153198	0.72028478000113	0.648160897006628	ACTIVATOR_DOMINANT
LNPEP	2.97487712714998	0.798390233809177	0.280178779741007	0.307518284060395	0.865495991772651	0.723293837766749	ACTIVATOR_DOMINANT
TMPRSS6	2.95239747752886	0.616005196220449	0.775640907157729	0.307518284060395	0.662166985097185	0.591066104993099	ACTIVATOR_DOMINANT
HLA-A	2.95001152769057	0.86164105410776	0.280178779741007	0.307518284060395	0.72028478000113	0.780388629780278	ACTIVATOR_DOMINANT
KCNB1	2.94971107274003	0.626593204138211	0.704248699547198	0.307518284060395	0.72028478000113	0.591066104993099	ACTIVATOR_DOMINANT
CGN	2.93980836208737	0.654795554428912	0.738204986898888	0.307518284060395	0.645614703314722	0.593674833384457	ACTIVATOR_DOMINANT
APOH	2.93818455445488	0.798390233809177	0.873660408849128	0.307518284060395	0.235321789969426	0.723293837766749	ACTIVATOR_DOMINANT
DST	2.93282197264732	0.647097551095991	0.649301316006857	0.307518284060395	0.678135196086087	0.650769625397986	ACTIVATOR_DOMINANT
SHROOM3	2.91452855091582	0.626593204138211	0.738204986898888	0.307518284060395	0.648537242433867	0.593674833384457	ACTIVATOR_DOMINANT
CTSB	2.89631821363536	0.798390233809177	0.280178779741007	0.307518284060395	0.72028478000113	0.789946136023651	ACTIVATOR_DOMINANT
TNS4	2.88674591077019	0.626593204138211	0.649301316006857	0.307518284060395	0.645614703314722	0.657718403250001	ACTIVATOR_DOMINANT
PSMB5	2.86775369629154	0.62370319955337	0.611865395748016	0.307518284060395	0.730991983545303	0.593674833384457	ACTIVATOR_DOMINANT
GTPBP4	2.84843510793473	0.62370319955337	0.738204986898888	0.307518284060395	0.72028478000113	0.458723857420945	ACTIVATOR_DOMINANT
C1orf116	2.82717917566257	0.542166368004104	0.738204986898888	0.307518284060395	0.645614703314722	0.593674833384457	ACTIVATOR_DOMINANT
RIPK4	2.82353358937471	0.552754375921866	0.649301316006857	0.307518284060395	0.72028478000113	0.593674833384457	ACTIVATOR_DOMINANT
LRP2	2.82164813694895	0.798390233809177	0.280178779741007	0.307518284060395	0.645614703314722	0.789946136023651	ACTIVATOR_DOMINANT
PIGR	2.81597435455368	0.718046374727495	0.280178779741007	0.307518284060395	0.72028478000113	0.789946136023651	ACTIVATOR_DOMINANT
VCAN	2.81106012903119	0.787802225891415	0.280178779741007	0.307518284060395	0.645614703314722	0.789946136023651	ACTIVATOR_DOMINANT
SCN1B	2.79857356050292	0.767297878933636	0.280178779741007	0.307518284060395	0.72028478000113	0.723293837766749	ACTIVATOR_DOMINANT
IGF2R	2.79857356050292	0.767297878933636	0.280178779741007	0.307518284060395	0.72028478000113	0.723293837766749	ACTIVATOR_DOMINANT
CROCC	2.79758355383101	0.626593204138211	0.280178779741007	0.671570476359045	0.72028478000113	0.498956313591616	ACTIVATOR_DOMINANT
VDR	2.79347832119256	0.767297878933636	0.280178779741007	0.307518284060395	0.648537242433867	0.789946136023651	ACTIVATOR_DOMINANT
C15orf42	2.79215905378026	0.232702121066364	0.91109632910797	0.307518284060395	0.645614703314722	0.69522761623081	ACTIVATOR_DOMINANT
MUC12	2.76332513101505	0.62370319955337	0.809444449799563	0.307518284060395	0.235321789969426	0.787337407632293	ACTIVATOR_DOMINANT
ASCC3	2.7531600380629	0.62370319955337	0.649301316006857	0.307518284060395	0.645614703314722	0.527022535127555	ACTIVATOR_DOMINANT
FGL1	2.75030213683113	0.232702121066364	0.860912200432753	0.307518284060395	0.68884239963026	0.66032713164136	ACTIVATOR_DOMINANT
WRN	2.74543833244868	0.798390233809177	0.280178779741007	0.307518284060395	0.645614703314722	0.713736331523375	ACTIVATOR_DOMINANT
EMB	2.74249156999948	0.552754375921866	0.734725353991736	0.307518284060395	0.648537242433867	0.498956313591616	ACTIVATOR_DOMINANT
SULF1	2.72500724563598	0.232702121066364	0.738204986898888	0.307518284060395	0.65924444597804	0.787337407632293	ACTIVATOR_DOMINANT
POLB	2.72390348381651	0.767297878933636	0.280178779741007	0.307518284060395	0.645614703314722	0.723293837766749	ACTIVATOR_DOMINANT
FLNA	2.72206009257308	0.787802225891415	0.280178779741007	0.307518284060395	0.68884239963026	0.657718403250001	ACTIVATOR_DOMINANT
SELL	2.72128115388423	0.654795554428912	0.280178779741007	0.307518284060395	0.68884239963026	0.789946136023651	ACTIVATOR_DOMINANT
RNASE3	2.71690877048317	0.232702121066364	0.738204986898888	0.307518284060395	0.648537242433867	0.789946136023651	ACTIVATOR_DOMINANT
USP21	2.69743818260481	0.798390233809177	0.280178779741007	0.307518284060395	0.72028478000113	0.591066104993099	ACTIVATOR_DOMINANT
FLNB	2.69687804378810	0.798390233809177	0.280178779741007	0.307518284060395	0.587496908410776	0.723293837766749	ACTIVATOR_DOMINANT
UCN3	2.67920315486949	0.654795554428912	0.280178779741007	0.307518284060395	0.656321906858894	0.780388629780278	ACTIVATOR_DOMINANT
ARHGAP25	2.67782020232237	0.654795554428912	0.914575962015121	0.307518284060395	0.235321789969426	0.565608611848519	ACTIVATOR_DOMINANT
ADRB3	2.67548322808043	0.64420754651115	0.280178779741007	0.307518284060395	0.72028478000113	0.723293837766749	ACTIVATOR_DOMINANT
CUBN	2.67378081296240	0.798390233809177	0.611865395748016	0.307518284060395	0.235321789969426	0.72068510937539	ACTIVATOR_DOMINANT
CACNA1C	2.67273573807609	0.62370319955337	0.280178779741007	0.810238131045534	0.235321789969426	0.723293837766749	ACTIVATOR_DOMINANT
AKAP1	2.65786888570749	0.626593204138211	0.280178779741007	0.307518284060395	0.72028478000113	0.723293837766749	ACTIVATOR_DOMINANT
F5	2.65786888570749	0.626593204138211	0.280178779741007	0.307518284060395	0.72028478000113	0.723293837766749	ACTIVATOR_DOMINANT
CAMK4	2.64086138682624	0.654795554428912	0.280178779741007	0.810238131045534	0.235321789969426	0.66032713164136	ACTIVATOR_DOMINANT
TELO2	2.63046240723400	0.770187883518476	0.280178779741007	0.307518284060395	0.709577576456958	0.56299988345716	ACTIVATOR_DOMINANT
PRKCI	2.62537683430976	0.798390233809177	0.280178779741007	0.307518284060395	0.645614703314722	0.593674833384457	ACTIVATOR_DOMINANT
MASP2	2.62292599944713	0.798390233809177	0.688020858223671	0.307518284060395	0.235321789969426	0.593674833384457	ACTIVATOR_DOMINANT
SGSM2	2.62049580148145	0.654795554428912	0.280178779741007	0.307518284060395	0.72028478000113	0.657718403250001	ACTIVATOR_DOMINANT
PRDM1	2.61239732632863	0.654795554428912	0.280178779741007	0.307518284060395	0.709577576456958	0.66032713164136	ACTIVATOR_DOMINANT
CAST	2.61152035493820	0.64420754651115	0.280178779741007	0.307518284060395	0.656321906858894	0.723293837766749	ACTIVATOR_DOMINANT
MSR1	2.60370315597886	0.647097551095991	0.280178779741007	0.307518284060395	0.645614703314722	0.723293837766749	ACTIVATOR_DOMINANT
AKAP3	2.5968285516844	0.626593204138211	0.280178779741007	0.307518284060395	0.65924444597804	0.723293837766749	ACTIVATOR_DOMINANT
ASAH1	2.59490217958210	0.626593204138211	0.280178779741007	0.307518284060395	0.72028478000113	0.66032713164136	ACTIVATOR_DOMINANT
STX8	2.59229345119074	0.626593204138211	0.280178779741007	0.307518284060395	0.72028478000113	0.657718403250001	ACTIVATOR_DOMINANT
HEATR6	2.59201217499726	0.62370319955337	0.280178779741007	0.307518284060395	0.72028478000113	0.66032713164136	ACTIVATOR_DOMINANT
NUP153	2.59201217499726	0.62370319955337	0.280178779741007	0.307518284060395	0.72028478000113	0.66032713164136	ACTIVATOR_DOMINANT
NOTCH2	2.59201217499726	0.62370319955337	0.280178779741007	0.307518284060395	0.72028478000113	0.66032713164136	ACTIVATOR_DOMINANT
C5orf39	2.58890537250408	0.232702121066364	0.734725353991736	0.307518284060395	0.72028478000113	0.593674833384457	ACTIVATOR_DOMINANT
TMPRSS2	2.5888433077892	0.62370319955337	0.280178779741007	0.307518284060395	0.587496908410776	0.789946136023651	ACTIVATOR_DOMINANT
SSH2	2.58629664411272	0.232702121066364	0.734725353991736	0.307518284060395	0.72028478000113	0.591066104993099	ACTIVATOR_DOMINANT
KDELR3	2.58165415693544	0.232702121066364	0.822192658215939	0.307518284060395	0.72028478000113	0.498956313591616	ACTIVATOR_DOMINANT
DOCK5	2.58114005290631	0.549864371337025	0.280178779741007	0.307518284060395	0.72028478000113	0.723293837766749	ACTIVATOR_DOMINANT
TNFRSF10A	2.58030880443624	0.62370319955337	0.280178779741007	0.307518284060395	0.645614703314722	0.723293837766749	ACTIVATOR_DOMINANT
MTHFR	2.57344204957339	0.542166368004104	0.280178779741007	0.307518284060395	0.72028478000113	0.723293837766749	ACTIVATOR_DOMINANT
RAI14	2.56352883278361	0.767297878933636	0.280178779741007	0.307518284060395	0.709577576456958	0.498956313591616	ACTIVATOR_DOMINANT
INF2	2.5564522316159	0.654795554428912	0.280178779741007	0.307518284060395	0.72028478000113	0.593674833384457	ACTIVATOR_DOMINANT
C3	2.55356747858103	0.718046374727495	0.280178779741007	0.307518284060395	0.587496908410776	0.66032713164136	ACTIVATOR_DOMINANT
CCL25	2.54843445318640	0.654795554428912	0.280178779741007	0.307518284060395	0.645614703314722	0.66032713164136	ACTIVATOR_DOMINANT
EP400	2.54574502807173	0.654795554428912	0.280178779741007	0.307518284060395	0.709577576456958	0.593674833384457	ACTIVATOR_DOMINANT
ADAM15	2.53515702015397	0.64420754651115	0.280178779741007	0.307518284060395	0.709577576456958	0.593674833384457	ACTIVATOR_DOMINANT
MEPE	2.53386184555901	0.626593204138211	0.280178779741007	0.307518284060395	0.65924444597804	0.66032713164136	ACTIVATOR_DOMINANT
LAIR1	2.53038635325787	0.654795554428912	0.74168461980604	0.307518284060395	0.235321789969426	0.591066104993099	ACTIVATOR_DOMINANT
C8G	2.5282498813252	0.626593204138211	0.280178779741007	0.307518284060395	0.72028478000113	0.593674833384457	ACTIVATOR_DOMINANT
SMAP1	2.5282498813252	0.626593204138211	0.280178779741007	0.307518284060395	0.72028478000113	0.593674833384457	ACTIVATOR_DOMINANT
RNH1	2.52564115293384	0.626593204138211	0.280178779741007	0.307518284060395	0.72028478000113	0.591066104993099	ACTIVATOR_DOMINANT
PTPRH	2.52535987674036	0.62370319955337	0.280178779741007	0.307518284060395	0.72028478000113	0.593674833384457	ACTIVATOR_DOMINANT
SHANK1	2.52535987674036	0.62370319955337	0.280178779741007	0.307518284060395	0.72028478000113	0.593674833384457	ACTIVATOR_DOMINANT
PDLIM1	2.52535987674036	0.62370319955337	0.280178779741007	0.307518284060395	0.72028478000113	0.593674833384457	ACTIVATOR_DOMINANT
MSH3	2.52535987674036	0.62370319955337	0.280178779741007	0.307518284060395	0.72028478000113	0.593674833384457	ACTIVATOR_DOMINANT
JMY	2.52535987674036	0.62370319955337	0.280178779741007	0.307518284060395	0.72028478000113	0.593674833384457	ACTIVATOR_DOMINANT
SNX18	2.52535987674036	0.62370319955337	0.280178779741007	0.307518284060395	0.72028478000113	0.593674833384457	ACTIVATOR_DOMINANT
XPC	2.52535987674036	0.62370319955337	0.280178779741007	0.307518284060395	0.72028478000113	0.593674833384457	ACTIVATOR_DOMINANT
NOTCH2NL	2.52535987674036	0.62370319955337	0.280178779741007	0.307518284060395	0.72028478000113	0.593674833384457	ACTIVATOR_DOMINANT
EXOC7	2.522751148349	0.62370319955337	0.280178779741007	0.307518284060395	0.72028478000113	0.591066104993099	ACTIVATOR_DOMINANT
AP1G2	2.522751148349	0.62370319955337	0.280178779741007	0.307518284060395	0.72028478000113	0.591066104993099	ACTIVATOR_DOMINANT
ABP1	2.522751148349	0.62370319955337	0.280178779741007	0.307518284060395	0.72028478000113	0.591066104993099	ACTIVATOR_DOMINANT
NES	2.51817334678092	0.549864371337025	0.280178779741007	0.307518284060395	0.72028478000113	0.66032713164136	ACTIVATOR_DOMINANT
LAG3	2.51734209831085	0.62370319955337	0.280178779741007	0.307518284060395	0.645614703314722	0.66032713164136	ACTIVATOR_DOMINANT
DMTF1	2.51505314501608	0.616005196220449	0.280178779741007	0.307518284060395	0.72028478000113	0.591066104993099	ACTIVATOR_DOMINANT
MEFV	2.51240171555029	0.542166368004104	0.280178779741007	0.307518284060395	0.65924444597804	0.723293837766749	ACTIVATOR_DOMINANT
OGFR	2.50087260612785	0.232702121066364	0.649301316006857	0.307518284060395	0.72028478000113	0.591066104993099	ACTIVATOR_DOMINANT
PIH1D1	2.49729365520442	0.62370319955337	0.280178779741007	0.307518284060395	0.72028478000113	0.565608611848519	ACTIVATOR_DOMINANT
HGFAC	2.49541189759281	0.654795554428912	0.280178779741007	0.307518284060395	0.65924444597804	0.593674833384457	ACTIVATOR_DOMINANT
KIAA0564	2.49235327244386	0.542166368004104	0.280178779741007	0.307518284060395	0.733914522664448	0.628575317973908	ACTIVATOR_DOMINANT
PIGP	2.48947645624509	0.626593204138211	0.280178779741007	0.307518284060395	0.709577576456958	0.565608611848519	ACTIVATOR_DOMINANT
SLC5A1	2.48470469404864	0.654795554428912	0.280178779741007	0.307518284060395	0.648537242433867	0.593674833384457	ACTIVATOR_DOMINANT
ZBTB32	2.47917342653813	0.654795554428912	0.280178779741007	0.307518284060395	0.645614703314722	0.591066104993099	ACTIVATOR_DOMINANT
MMP17	2.47838682155561	0.511074013128562	0.280178779741007	0.307518284060395	0.656321906858894	0.723293837766749	ACTIVATOR_DOMINANT
WDR4	2.47541511298326	0.232702121066364	0.649301316006857	0.307518284060395	0.72028478000113	0.565608611848519	ACTIVATOR_DOMINANT
UBASH3A	2.46473694766551	0.654795554428912	0.280178779741007	0.307518284060395	0.65924444597804	0.56299988345716	ACTIVATOR_DOMINANT
PARS2	2.46067731492288	0.62370319955337	0.59911718733164	0.307518284060395	0.72028478000113	0.210053863976348	ACTIVATOR_DOMINANT
EIF2S3	2.4591249834317	0.654795554428912	0.280178779741007	0.307518284060395	0.72028478000113	0.496347585200258	ACTIVATOR_DOMINANT
SIX6	2.45401281099299	0.616005196220449	0.280178779741007	0.307518284060395	0.65924444597804	0.591066104993099	ACTIVATOR_DOMINANT
C21orf33	2.45152104852402	0.549864371337025	0.280178779741007	0.307518284060395	0.72028478000113	0.593674833384457	ACTIVATOR_DOMINANT
S100A3	2.45152104852402	0.549864371337025	0.280178779741007	0.307518284060395	0.72028478000113	0.593674833384457	ACTIVATOR_DOMINANT
SMG7	2.45102650827889	0.654795554428912	0.280178779741007	0.307518284060395	0.709577576456958	0.498956313591616	ACTIVATOR_DOMINANT
CELSR1	2.44382304519109	0.542166368004104	0.280178779741007	0.307518284060395	0.72028478000113	0.593674833384457	ACTIVATOR_DOMINANT
TMEM43	2.44382304519109	0.542166368004104	0.280178779741007	0.307518284060395	0.72028478000113	0.593674833384457	ACTIVATOR_DOMINANT
GOSR2	2.43997457423623	0.552754375921866	0.280178779741007	0.307518284060395	0.733914522664448	0.565608611848519	ACTIVATOR_DOMINANT
SLC25A13	2.43353136153236	0.626593204138211	0.280178779741007	0.307518284060395	0.72028478000113	0.498956313591616	ACTIVATOR_DOMINANT
PPFIA4	2.43353136153236	0.626593204138211	0.280178779741007	0.307518284060395	0.72028478000113	0.498956313591616	ACTIVATOR_DOMINANT
TRIOBP	2.43064135694752	0.62370319955337	0.280178779741007	0.307518284060395	0.72028478000113	0.498956313591616	ACTIVATOR_DOMINANT
TTYH2	2.43064135694752	0.62370319955337	0.280178779741007	0.307518284060395	0.72028478000113	0.498956313591616	ACTIVATOR_DOMINANT
DDX54	2.42410998404375	0.654795554428912	0.280178779741007	0.307518284060395	0.72028478000113	0.461332585812304	ACTIVATOR_DOMINANT
PCDH15	2.42345482698808	0.549864371337025	0.280178779741007	0.307518284060395	0.72028478000113	0.565608611848519	ACTIVATOR_DOMINANT
MAEL	2.41989621795134	0.232702121066364	0.280178779741007	0.307518284060395	0.876203195316824	0.723293837766749	ACTIVATOR_DOMINANT
IFI44L	2.40876281472636	0.232702121066364	0.649301316006857	0.307518284060395	0.72028478000113	0.498956313591616	ACTIVATOR_DOMINANT
B3GNT3	2.40616471606615	0.232702121066364	0.63307347468333	0.307518284060395	0.733914522664448	0.498956313591616	ACTIVATOR_DOMINANT
IMMP1L	2.40074503629686	0.232702121066364	0.649301316006857	0.307518284060395	0.645614703314722	0.565608611848519	ACTIVATOR_DOMINANT
KCNMB1	2.39629325820491	0.552754375921866	0.280178779741007	0.307518284060395	0.662166985097185	0.593674833384457	ACTIVATOR_DOMINANT
SARS2	2.39475793645225	0.626593204138211	0.280178779741007	0.307518284060395	0.709577576456958	0.470890092055678	ACTIVATOR_DOMINANT
IPO4	2.39301762916821	0.62370319955337	0.280178779741007	0.307518284060395	0.72028478000113	0.461332585812304	ACTIVATOR_DOMINANT
DOK7	2.39048071450092	0.549864371337025	0.280178779741007	0.307518284060395	0.65924444597804	0.593674833384457	ACTIVATOR_DOMINANT
CD177	2.37207550762383	0.542166368004104	0.280178779741007	0.307518284060395	0.648537242433867	0.593674833384457	ACTIVATOR_DOMINANT
MUC16	2.36670459867839	0.654795554428912	0.280178779741007	0.307518284060395	0.235321789969426	0.888890190478646	ACTIVATOR_DOMINANT
ABCC12	2.36357353880518	0.539276363419263	0.280178779741007	0.307518284060395	0.709577576456958	0.527022535127555	ACTIVATOR_DOMINANT
API5	2.34910452539825	0.542166368004104	0.280178779741007	0.307518284060395	0.72028478000113	0.498956313591616	ACTIVATOR_DOMINANT
RHOBTB3	2.34538327234335	0.613115191635608	0.280178779741007	0.307518284060395	0.645614703314722	0.498956313591616	ACTIVATOR_DOMINANT
SLC45A3	2.33063010089255	0.232702121066364	0.280178779741007	0.307518284060395	0.72028478000113	0.789946136023651	ACTIVATOR_DOMINANT
PIWIL2	2.32240990093533	0.49759600062596	0.280178779741007	0.307518284060395	0.576789704866604	0.66032713164136	ACTIVATOR_DOMINANT
SKA3	2.3161304129111	0.542166368004104	0.280178779741007	0.307518284060395	0.65924444597804	0.527022535127555	ACTIVATOR_DOMINANT
MGAT4C	2.31100184207985	0.767297878933636	0.280178779741007	0.307518284060395	0.235321789969426	0.72068510937539	ACTIVATOR_DOMINANT
NBEAL2	2.31046493443295	0.232702121066364	0.914575962015121	0.307518284060395	0.645614703314722	0.210053863976348	ACTIVATOR_DOMINANT
KIR2DS4	2.27186821162930	0.232702121066364	0.775640907157729	0.307518284060395	0.235321789969426	0.72068510937539	ACTIVATOR_DOMINANT
HOXD11	2.26990357759724	0.232702121066364	0.280178779741007	0.307518284060395	0.662166985097185	0.787337407632293	ACTIVATOR_DOMINANT
SCAI	2.26397780263565	0.232702121066364	0.280178779741007	0.307518284060395	0.72028478000113	0.723293837766749	ACTIVATOR_DOMINANT
FGFRL1	2.26397780263565	0.232702121066364	0.280178779741007	0.307518284060395	0.72028478000113	0.723293837766749	ACTIVATOR_DOMINANT
SH2D4A	2.25271070783374	0.542166368004104	0.280178779741007	0.307518284060395	0.645614703314722	0.47723257271351	ACTIVATOR_DOMINANT
CCDC57	2.24619995626197	0.232702121066364	0.775640907157729	0.307518284060395	0.72028478000113	0.210053863976348	ACTIVATOR_DOMINANT
CMYA5	2.24255954307575	0.616005196220449	0.873660408849128	0.307518284060395	0.235321789969426	0.210053863976348	ACTIVATOR_DOMINANT
MASP1	2.21508392096446	0.798390233809177	0.280178779741007	0.307518284060395	0.235321789969426	0.593674833384457	ACTIVATOR_DOMINANT
IL25	2.21464083917357	0.232702121066364	0.280178779741007	0.307518284060395	0.733914522664448	0.66032713164136	ACTIVATOR_DOMINANT
PUS7	2.20876403600313	0.232702121066364	0.738204986898888	0.307518284060395	0.72028478000113	0.210053863976348	ACTIVATOR_DOMINANT
FMN1	2.20110824596649	0.654795554428912	0.280178779741007	0.307518284060395	0.235321789969426	0.723293837766749	ACTIVATOR_DOMINANT
SLC28A1	2.20032874022120	0.232702121066364	0.280178779741007	0.307518284060395	0.65924444597804	0.72068510937539	ACTIVATOR_DOMINANT
PTPRN2	2.20032874022120	0.232702121066364	0.280178779741007	0.307518284060395	0.65924444597804	0.72068510937539	ACTIVATOR_DOMINANT
FCRLA	2.19140968669658	0.232702121066364	0.822192658215939	0.307518284060395	0.235321789969426	0.593674833384457	ACTIVATOR_DOMINANT
IFNA16	2.19058811916123	0.654795554428912	0.280178779741007	0.810238131045534	0.235321789969426	0.210053863976348	ACTIVATOR_DOMINANT
PCK1	2.18930772594924	0.232702121066364	0.280178779741007	0.307518284060395	0.645614703314722	0.723293837766749	ACTIVATOR_DOMINANT
IVL	2.18930772594924	0.232702121066364	0.280178779741007	0.307518284060395	0.645614703314722	0.723293837766749	ACTIVATOR_DOMINANT
NSMAF	2.18399156608892	0.767297878933636	0.280178779741007	0.307518284060395	0.235321789969426	0.593674833384457	ACTIVATOR_DOMINANT
MAN2B1	2.17487124707662	0.232702121066364	0.280178779741007	0.307518284060395	0.65924444597804	0.69522761623081	ACTIVATOR_DOMINANT
DYNC2H1	2.16925928284280	0.232702121066364	0.280178779741007	0.307518284060395	0.72028478000113	0.628575317973908	ACTIVATOR_DOMINANT
YIPF1	2.16231788775803	0.616005196220449	0.280178779741007	0.307518284060395	0.235321789969426	0.723293837766749	ACTIVATOR_DOMINANT
FEZ1	2.15592534455298	0.767297878933636	0.280178779741007	0.307518284060395	0.235321789969426	0.565608611848519	ACTIVATOR_DOMINANT
PDXDC1	2.14462891191709	0.626593204138211	0.280178779741007	0.307518284060395	0.72028478000113	0.210053863976348	ACTIVATOR_DOMINANT
BMP2K	2.14462891191709	0.626593204138211	0.280178779741007	0.307518284060395	0.72028478000113	0.210053863976348	ACTIVATOR_DOMINANT
FAM134A	2.14462891191709	0.626593204138211	0.280178779741007	0.307518284060395	0.72028478000113	0.210053863976348	ACTIVATOR_DOMINANT
UTP20	2.14173890733225	0.62370319955337	0.280178779741007	0.307518284060395	0.72028478000113	0.210053863976348	ACTIVATOR_DOMINANT
MUC6	2.13997076248717	0.232702121066364	0.280178779741007	0.307518284060395	0.65924444597804	0.66032713164136	ACTIVATOR_DOMINANT
HPS4	2.13435879825335	0.232702121066364	0.280178779741007	0.307518284060395	0.72028478000113	0.593674833384457	ACTIVATOR_DOMINANT
MYEOV	2.13435879825335	0.232702121066364	0.280178779741007	0.307518284060395	0.72028478000113	0.593674833384457	ACTIVATOR_DOMINANT
MTCH2	2.13435879825335	0.232702121066364	0.280178779741007	0.307518284060395	0.72028478000113	0.593674833384457	ACTIVATOR_DOMINANT
COL27A1	2.13435879825335	0.232702121066364	0.280178779741007	0.307518284060395	0.72028478000113	0.593674833384457	ACTIVATOR_DOMINANT
ZNF169	2.13435879825335	0.232702121066364	0.280178779741007	0.307518284060395	0.72028478000113	0.593674833384457	ACTIVATOR_DOMINANT
AIM1	2.13435879825335	0.232702121066364	0.280178779741007	0.307518284060395	0.72028478000113	0.593674833384457	ACTIVATOR_DOMINANT
CORIN	2.13435879825335	0.232702121066364	0.280178779741007	0.307518284060395	0.72028478000113	0.593674833384457	ACTIVATOR_DOMINANT
CLSTN2	2.13435879825335	0.232702121066364	0.280178779741007	0.307518284060395	0.72028478000113	0.593674833384457	ACTIVATOR_DOMINANT
INSRR	2.13435879825335	0.232702121066364	0.280178779741007	0.307518284060395	0.72028478000113	0.593674833384457	ACTIVATOR_DOMINANT
PGLYRP3	2.13435879825335	0.232702121066364	0.280178779741007	0.307518284060395	0.72028478000113	0.593674833384457	ACTIVATOR_DOMINANT
PDIA5	2.13404090399933	0.616005196220449	0.280178779741007	0.307518284060395	0.72028478000113	0.210053863976348	ACTIVATOR_DOMINANT
ME1	2.13175006986200	0.232702121066364	0.280178779741007	0.307518284060395	0.72028478000113	0.591066104993099	ACTIVATOR_DOMINANT
SENP6	2.13175006986200	0.232702121066364	0.280178779741007	0.307518284060395	0.72028478000113	0.591066104993099	ACTIVATOR_DOMINANT
STAM	2.12858403359773	0.654795554428912	0.280178779741007	0.307518284060395	0.235321789969426	0.650769625397986	ACTIVATOR_DOMINANT
MACC1	2.12365159470918	0.232702121066364	0.280178779741007	0.307518284060395	0.709577576456958	0.593674833384457	ACTIVATOR_DOMINANT
OR51B6	2.12117176195042	0.626593204138211	0.74168461980604	0.307518284060395	0.235321789969426	0.210053863976348	ACTIVATOR_DOMINANT
OR51B2	2.11769212904327	0.626593204138211	0.738204986898888	0.307518284060395	0.235321789969426	0.210053863976348	ACTIVATOR_DOMINANT
CACNA1A	2.10733046115904	0.626593204138211	0.280178779741007	0.307518284060395	0.235321789969426	0.657718403250001	ACTIVATOR_DOMINANT
ERAP1	2.10704918496556	0.62370319955337	0.280178779741007	0.307518284060395	0.235321789969426	0.66032713164136	ACTIVATOR_DOMINANT
SLC16A6	2.10629257671742	0.232702121066364	0.280178779741007	0.307518284060395	0.72028478000113	0.565608611848519	ACTIVATOR_DOMINANT
ZNF192	2.10629257671742	0.232702121066364	0.280178779741007	0.307518284060395	0.72028478000113	0.565608611848519	ACTIVATOR_DOMINANT
SCAPER	2.10368384832606	0.232702121066364	0.280178779741007	0.307518284060395	0.72028478000113	0.56299988345716	ACTIVATOR_DOMINANT
RABGGTA	2.10368384832606	0.232702121066364	0.280178779741007	0.307518284060395	0.72028478000113	0.56299988345716	ACTIVATOR_DOMINANT
CAPRIN2	2.09558537317324	0.232702121066364	0.280178779741007	0.307518284060395	0.709577576456958	0.565608611848519	ACTIVATOR_DOMINANT
CEP120	2.09558537317324	0.232702121066364	0.280178779741007	0.307518284060395	0.709577576456958	0.565608611848519	ACTIVATOR_DOMINANT
ZNF160	2.08242444485225	0.232702121066364	0.611865395748016	0.307518284060395	0.72028478000113	0.210053863976348	ACTIVATOR_DOMINANT
CDH20	2.07624100334941	0.232702121066364	0.280178779741007	0.307518284060395	0.662166985097185	0.593674833384457	ACTIVATOR_DOMINANT
OR10J3	2.07288137434983	0.626593204138211	0.280178779741007	0.307518284060395	0.648537242433867	0.210053863976348	ACTIVATOR_DOMINANT
SFI1	2.07148924158420	0.654795554428912	0.280178779741007	0.307518284060395	0.235321789969426	0.593674833384457	ACTIVATOR_DOMINANT
TNS1	2.07148924158420	0.654795554428912	0.280178779741007	0.307518284060395	0.235321789969426	0.593674833384457	ACTIVATOR_DOMINANT
MARCH10	2.07079008370075	0.552754375921866	0.280178779741007	0.307518284060395	0.72028478000113	0.210053863976348	ACTIVATOR_DOMINANT
SERPINB8	2.07039592511112	0.232702121066364	0.280178779741007	0.307518284060395	0.656321906858894	0.593674833384457	ACTIVATOR_DOMINANT
CCDC116	2.06995883523068	0.626593204138211	0.280178779741007	0.307518284060395	0.645614703314722	0.210053863976348	ACTIVATOR_DOMINANT
EML2	2.06995883523068	0.626593204138211	0.280178779741007	0.307518284060395	0.645614703314722	0.210053863976348	ACTIVATOR_DOMINANT
TM9SF1	2.06770649999645	0.232702121066364	0.280178779741007	0.307518284060395	0.72028478000113	0.527022535127555	ACTIVATOR_DOMINANT
KDM4D	2.06770649999645	0.232702121066364	0.280178779741007	0.307518284060395	0.72028478000113	0.527022535127555	ACTIVATOR_DOMINANT
ZNF426	2.06706883064584	0.62370319955337	0.280178779741007	0.307518284060395	0.645614703314722	0.210053863976348	ACTIVATOR_DOMINANT
MLF2	2.06706883064584	0.62370319955337	0.280178779741007	0.307518284060395	0.645614703314722	0.210053863976348	ACTIVATOR_DOMINANT
LRG1	2.06261126068609	0.232702121066364	0.280178779741007	0.307518284060395	0.648537242433867	0.593674833384457	ACTIVATOR_DOMINANT
SSFA2	2.06020207578299	0.542166368004104	0.280178779741007	0.307518284060395	0.72028478000113	0.210053863976348	ACTIVATOR_DOMINANT
RNF213	2.05968872156695	0.232702121066364	0.280178779741007	0.307518284060395	0.645614703314722	0.593674833384457	ACTIVATOR_DOMINANT
HSD17B14	2.05937082731292	0.616005196220449	0.280178779741007	0.307518284060395	0.645614703314722	0.210053863976348	ACTIVATOR_DOMINANT
SLC22A18	2.05707999317559	0.232702121066364	0.280178779741007	0.307518284060395	0.645614703314722	0.591066104993099	ACTIVATOR_DOMINANT
DGCR2	2.05034748200468	0.232702121066364	0.280178779741007	0.307518284060395	0.730991983545303	0.498956313591616	ACTIVATOR_DOMINANT
ANGPTL6	2.04817478181347	0.232702121066364	0.280178779741007	0.307518284060395	0.662166985097185	0.565608611848519	ACTIVATOR_DOMINANT
PCNXL2	2.04525224269432	0.232702121066364	0.280178779741007	0.307518284060395	0.65924444597804	0.565608611848519	ACTIVATOR_DOMINANT
CLEC1B	2.04067816290214	0.626593204138211	0.280178779741007	0.307518284060395	0.235321789969426	0.591066104993099	ACTIVATOR_DOMINANT
F13A1	2.04067816290214	0.626593204138211	0.280178779741007	0.307518284060395	0.235321789969426	0.591066104993099	ACTIVATOR_DOMINANT
PLEKHA4	2.04039688670866	0.62370319955337	0.280178779741007	0.307518284060395	0.235321789969426	0.593674833384457	ACTIVATOR_DOMINANT
OPN4	2.04039688670866	0.62370319955337	0.280178779741007	0.307518284060395	0.235321789969426	0.593674833384457	ACTIVATOR_DOMINANT
ASMTL	2.03964027846051	0.232702121066364	0.280178779741007	0.307518284060395	0.72028478000113	0.498956313591616	ACTIVATOR_DOMINANT
LENG9	2.03964027846051	0.232702121066364	0.280178779741007	0.307518284060395	0.72028478000113	0.498956313591616	ACTIVATOR_DOMINANT
ZNF83	2.03964027846051	0.232702121066364	0.280178779741007	0.307518284060395	0.72028478000113	0.498956313591616	ACTIVATOR_DOMINANT
PRR12	2.03964027846051	0.232702121066364	0.280178779741007	0.307518284060395	0.72028478000113	0.498956313591616	ACTIVATOR_DOMINANT
ZNF554	2.03964027846051	0.232702121066364	0.280178779741007	0.307518284060395	0.72028478000113	0.498956313591616	ACTIVATOR_DOMINANT
FBXL19	2.03964027846051	0.232702121066364	0.280178779741007	0.307518284060395	0.72028478000113	0.498956313591616	ACTIVATOR_DOMINANT
EXD2	2.03964027846051	0.232702121066364	0.280178779741007	0.307518284060395	0.72028478000113	0.498956313591616	ACTIVATOR_DOMINANT
LCN10	2.03964027846051	0.232702121066364	0.280178779741007	0.307518284060395	0.72028478000113	0.498956313591616	ACTIVATOR_DOMINANT
ZNF462	2.03964027846051	0.232702121066364	0.280178779741007	0.307518284060395	0.72028478000113	0.498956313591616	ACTIVATOR_DOMINANT
ZNF92	2.03964027846051	0.232702121066364	0.280178779741007	0.307518284060395	0.72028478000113	0.498956313591616	ACTIVATOR_DOMINANT
SLC12A7	2.03964027846051	0.232702121066364	0.280178779741007	0.307518284060395	0.72028478000113	0.498956313591616	ACTIVATOR_DOMINANT
ARHGEF26	2.03964027846051	0.232702121066364	0.280178779741007	0.307518284060395	0.72028478000113	0.498956313591616	ACTIVATOR_DOMINANT
ITLN2	2.03964027846051	0.232702121066364	0.280178779741007	0.307518284060395	0.72028478000113	0.498956313591616	ACTIVATOR_DOMINANT
TMCO4	2.03964027846051	0.232702121066364	0.280178779741007	0.307518284060395	0.72028478000113	0.498956313591616	ACTIVATOR_DOMINANT
DBN1	2.03778815831730	0.62370319955337	0.280178779741007	0.307518284060395	0.235321789969426	0.591066104993099	ACTIVATOR_DOMINANT
PRSS1	2.03610036133405	0.552754375921866	0.280178779741007	0.307518284060395	0.235321789969426	0.66032713164136	ACTIVATOR_DOMINANT
TMC4	2.03008277221714	0.232702121066364	0.280178779741007	0.307518284060395	0.72028478000113	0.489398807348242	ACTIVATOR_DOMINANT
ZFYVE28	2.03008277221714	0.232702121066364	0.280178779741007	0.307518284060395	0.72028478000113	0.489398807348242	ACTIVATOR_DOMINANT
WDR36	2.02530882524409	0.626593204138211	0.645821683099705	0.307518284060395	0.235321789969426	0.210053863976348	ACTIVATOR_DOMINANT
ADRA1A	2.01233066517272	0.62370319955337	0.280178779741007	0.307518284060395	0.235321789969426	0.565608611848519	ACTIVATOR_DOMINANT
PCDHA4	2.01233066517272	0.62370319955337	0.280178779741007	0.307518284060395	0.235321789969426	0.565608611848519	ACTIVATOR_DOMINANT
PDE4DIP	2.00463266183980	0.616005196220449	0.280178779741007	0.307518284060395	0.235321789969426	0.565608611848519	ACTIVATOR_DOMINANT
HDGF	2.0020165506812	0.232702121066364	0.280178779741007	0.307518284060395	0.72028478000113	0.461332585812304	ACTIVATOR_DOMINANT
CATSPER4	2.0020165506812	0.232702121066364	0.280178779741007	0.307518284060395	0.72028478000113	0.461332585812304	ACTIVATOR_DOMINANT
KRT79	1.99323000242950	0.549864371337025	0.280178779741007	0.307518284060395	0.645614703314722	0.210053863976348	ACTIVATOR_DOMINANT
RGL3	1.98794118399968	0.232702121066364	0.280178779741007	0.307518284060395	0.573867165747459	0.593674833384457	ACTIVATOR_DOMINANT
MOCS2	1.98264199451174	0.539276363419263	0.280178779741007	0.307518284060395	0.645614703314722	0.210053863976348	ACTIVATOR_DOMINANT
SALL2	1.97374458845175	0.62370319955337	0.280178779741007	0.307518284060395	0.235321789969426	0.527022535127555	ACTIVATOR_DOMINANT
FUT8	1.96720600717298	0.232702121066364	0.280178779741007	0.307518284060395	0.55313198892076	0.593674833384457	ACTIVATOR_DOMINANT
BCL7A	1.96683933468579	0.552754375921866	0.280178779741007	0.307518284060395	0.235321789969426	0.591066104993099	ACTIVATOR_DOMINANT
CAND2	1.96655805849231	0.549864371337025	0.280178779741007	0.307518284060395	0.235321789969426	0.593674833384457	ACTIVATOR_DOMINANT
ARHGEF19	1.96655805849231	0.549864371337025	0.280178779741007	0.307518284060395	0.235321789969426	0.593674833384457	ACTIVATOR_DOMINANT
PRUNE2	1.96517938229951	0.508184008543722	0.280178779741007	0.307518284060395	0.65924444597804	0.210053863976348	ACTIVATOR_DOMINANT
ZNF444	1.96497020177410	0.232702121066364	0.280178779741007	0.307518284060395	0.645614703314722	0.498956313591616	ACTIVATOR_DOMINANT
PEX11G	1.96497020177410	0.232702121066364	0.280178779741007	0.307518284060395	0.645614703314722	0.498956313591616	ACTIVATOR_DOMINANT
KIF7	1.95886005515939	0.542166368004104	0.280178779741007	0.307518284060395	0.235321789969426	0.593674833384457	ACTIVATOR_DOMINANT
KBTBD8	1.95541269553073	0.232702121066364	0.280178779741007	0.307518284060395	0.645614703314722	0.489398807348242	ACTIVATOR_DOMINANT
OR52E6	1.94856837150066	0.626593204138211	0.280178779741007	0.307518284060395	0.235321789969426	0.498956313591616	ACTIVATOR_DOMINANT
TRIM7	1.93079383362345	0.542166368004104	0.280178779741007	0.307518284060395	0.235321789969426	0.565608611848519	ACTIVATOR_DOMINANT
FAT1	1.93079383362345	0.542166368004104	0.280178779741007	0.307518284060395	0.235321789969426	0.565608611848519	ACTIVATOR_DOMINANT
XIRP2	1.93079383362345	0.542166368004104	0.280178779741007	0.307518284060395	0.235321789969426	0.565608611848519	ACTIVATOR_DOMINANT
TAS2R1	1.93026901311394	0.232702121066364	0.280178779741007	0.307518284060395	0.648537242433867	0.461332585812304	ACTIVATOR_DOMINANT
RNF180	1.89681147416307	0.508184008543722	0.280178779741007	0.307518284060395	0.235321789969426	0.565608611848519	ACTIVATOR_DOMINANT
PLA2R1	1.88959902851113	0.542166368004104	0.280178779741007	0.307518284060395	0.235321789969426	0.524413806736196	ACTIVATOR_DOMINANT
DAGLB	1.88622346624531	0.49759600062596	0.280178779741007	0.307518284060395	0.235321789969426	0.565608611848519	ACTIVATOR_DOMINANT
ISPD	1.87183953869947	0.549864371337025	0.280178779741007	0.307518284060395	0.235321789969426	0.498956313591616	ACTIVATOR_DOMINANT
CDK10	1.86414153536655	0.542166368004104	0.280178779741007	0.307518284060395	0.235321789969426	0.498956313591616	ACTIVATOR_DOMINANT
NLRP5	1.77901481260394	0.232702121066364	0.280178779741007	0.307518284060395	0.235321789969426	0.723293837766749	ACTIVATOR_DOMINANT
ZNF134	1.76436757150856	0.232702121066364	0.280178779741007	0.307518284060395	0.733914522664448	0.210053863976348	ACTIVATOR_DOMINANT
ZNF749	1.76436757150856	0.232702121066364	0.280178779741007	0.307518284060395	0.733914522664448	0.210053863976348	ACTIVATOR_DOMINANT
ZNF230	1.76436757150856	0.232702121066364	0.280178779741007	0.307518284060395	0.733914522664448	0.210053863976348	ACTIVATOR_DOMINANT
TBC1D28	1.76436757150856	0.232702121066364	0.280178779741007	0.307518284060395	0.733914522664448	0.210053863976348	ACTIVATOR_DOMINANT
SDR39U1	1.76436757150856	0.232702121066364	0.280178779741007	0.307518284060395	0.733914522664448	0.210053863976348	ACTIVATOR_DOMINANT
CTAGE15P	1.76436757150856	0.232702121066364	0.280178779741007	0.307518284060395	0.733914522664448	0.210053863976348	ACTIVATOR_DOMINANT
ACOX3	1.76436757150856	0.232702121066364	0.280178779741007	0.307518284060395	0.733914522664448	0.210053863976348	ACTIVATOR_DOMINANT
CXorf58	1.75073782884525	0.232702121066364	0.280178779741007	0.307518284060395	0.72028478000113	0.210053863976348	ACTIVATOR_DOMINANT
GCAT	1.75073782884525	0.232702121066364	0.280178779741007	0.307518284060395	0.72028478000113	0.210053863976348	ACTIVATOR_DOMINANT
MICAL3	1.75073782884525	0.232702121066364	0.280178779741007	0.307518284060395	0.72028478000113	0.210053863976348	ACTIVATOR_DOMINANT
ZNF225	1.75073782884525	0.232702121066364	0.280178779741007	0.307518284060395	0.72028478000113	0.210053863976348	ACTIVATOR_DOMINANT
WDR87	1.75073782884525	0.232702121066364	0.280178779741007	0.307518284060395	0.72028478000113	0.210053863976348	ACTIVATOR_DOMINANT
ABCA5	1.75073782884525	0.232702121066364	0.280178779741007	0.307518284060395	0.72028478000113	0.210053863976348	ACTIVATOR_DOMINANT
SLFN12L	1.75073782884525	0.232702121066364	0.280178779741007	0.307518284060395	0.72028478000113	0.210053863976348	ACTIVATOR_DOMINANT
KIAA0664	1.75073782884525	0.232702121066364	0.280178779741007	0.307518284060395	0.72028478000113	0.210053863976348	ACTIVATOR_DOMINANT
ARMC5	1.75073782884525	0.232702121066364	0.280178779741007	0.307518284060395	0.72028478000113	0.210053863976348	ACTIVATOR_DOMINANT
HCFC1R1	1.75073782884525	0.232702121066364	0.280178779741007	0.307518284060395	0.72028478000113	0.210053863976348	ACTIVATOR_DOMINANT
C14orf21	1.75073782884525	0.232702121066364	0.280178779741007	0.307518284060395	0.72028478000113	0.210053863976348	ACTIVATOR_DOMINANT
RNASE8	1.75073782884525	0.232702121066364	0.280178779741007	0.307518284060395	0.72028478000113	0.210053863976348	ACTIVATOR_DOMINANT
TMEM120B	1.75073782884525	0.232702121066364	0.280178779741007	0.307518284060395	0.72028478000113	0.210053863976348	ACTIVATOR_DOMINANT
C12orf43	1.75073782884525	0.232702121066364	0.280178779741007	0.307518284060395	0.72028478000113	0.210053863976348	ACTIVATOR_DOMINANT
C12orf42	1.75073782884525	0.232702121066364	0.280178779741007	0.307518284060395	0.72028478000113	0.210053863976348	ACTIVATOR_DOMINANT
TM7SF3	1.75073782884525	0.232702121066364	0.280178779741007	0.307518284060395	0.72028478000113	0.210053863976348	ACTIVATOR_DOMINANT
C11orf35	1.75073782884525	0.232702121066364	0.280178779741007	0.307518284060395	0.72028478000113	0.210053863976348	ACTIVATOR_DOMINANT
ANKRD18A	1.75073782884525	0.232702121066364	0.280178779741007	0.307518284060395	0.72028478000113	0.210053863976348	ACTIVATOR_DOMINANT
C8orf80	1.75073782884525	0.232702121066364	0.280178779741007	0.307518284060395	0.72028478000113	0.210053863976348	ACTIVATOR_DOMINANT
ZNF596	1.75073782884525	0.232702121066364	0.280178779741007	0.307518284060395	0.72028478000113	0.210053863976348	ACTIVATOR_DOMINANT
FAM115C	1.75073782884525	0.232702121066364	0.280178779741007	0.307518284060395	0.72028478000113	0.210053863976348	ACTIVATOR_DOMINANT
KIAA1324L	1.75073782884525	0.232702121066364	0.280178779741007	0.307518284060395	0.72028478000113	0.210053863976348	ACTIVATOR_DOMINANT
C7orf31	1.75073782884525	0.232702121066364	0.280178779741007	0.307518284060395	0.72028478000113	0.210053863976348	ACTIVATOR_DOMINANT
VWDE	1.75073782884525	0.232702121066364	0.280178779741007	0.307518284060395	0.72028478000113	0.210053863976348	ACTIVATOR_DOMINANT
AKD1	1.75073782884525	0.232702121066364	0.280178779741007	0.307518284060395	0.72028478000113	0.210053863976348	ACTIVATOR_DOMINANT
PCDHA7	1.75073782884525	0.232702121066364	0.280178779741007	0.307518284060395	0.72028478000113	0.210053863976348	ACTIVATOR_DOMINANT
TTC37	1.75073782884525	0.232702121066364	0.280178779741007	0.307518284060395	0.72028478000113	0.210053863976348	ACTIVATOR_DOMINANT
ZCCHC9	1.75073782884525	0.232702121066364	0.280178779741007	0.307518284060395	0.72028478000113	0.210053863976348	ACTIVATOR_DOMINANT
CAPN7	1.75073782884525	0.232702121066364	0.280178779741007	0.307518284060395	0.72028478000113	0.210053863976348	ACTIVATOR_DOMINANT
C3orf20	1.75073782884525	0.232702121066364	0.280178779741007	0.307518284060395	0.72028478000113	0.210053863976348	ACTIVATOR_DOMINANT
CCDC138	1.75073782884525	0.232702121066364	0.280178779741007	0.307518284060395	0.72028478000113	0.210053863976348	ACTIVATOR_DOMINANT
DNAH14	1.75073782884525	0.232702121066364	0.280178779741007	0.307518284060395	0.72028478000113	0.210053863976348	ACTIVATOR_DOMINANT
EFCAB7	1.75073782884525	0.232702121066364	0.280178779741007	0.307518284060395	0.72028478000113	0.210053863976348	ACTIVATOR_DOMINANT
CCDC102B	1.74139108482463	0.232702121066364	0.280178779741007	0.307518284060395	0.235321789969426	0.685670109987437	ACTIVATOR_DOMINANT
TTLL12	1.74003062530107	0.232702121066364	0.280178779741007	0.307518284060395	0.709577576456958	0.210053863976348	ACTIVATOR_DOMINANT
PALM3	1.74003062530107	0.232702121066364	0.280178779741007	0.307518284060395	0.709577576456958	0.210053863976348	ACTIVATOR_DOMINANT
DOCK6	1.74003062530107	0.232702121066364	0.280178779741007	0.307518284060395	0.709577576456958	0.210053863976348	ACTIVATOR_DOMINANT
MC1R	1.74003062530107	0.232702121066364	0.280178779741007	0.307518284060395	0.709577576456958	0.210053863976348	ACTIVATOR_DOMINANT
ZCWPW2	1.74003062530107	0.232702121066364	0.280178779741007	0.307518284060395	0.709577576456958	0.210053863976348	ACTIVATOR_DOMINANT
FAM76A	1.74003062530107	0.232702121066364	0.280178779741007	0.307518284060395	0.709577576456958	0.210053863976348	ACTIVATOR_DOMINANT
TMPRSS15	1.71604810647855	0.232702121066364	0.280178779741007	0.307518284060395	0.235321789969426	0.66032713164136	ACTIVATOR_DOMINANT
CRISP1	1.71604810647855	0.232702121066364	0.280178779741007	0.307518284060395	0.235321789969426	0.66032713164136	ACTIVATOR_DOMINANT
ZNF804A	1.71236251434704	0.232702121066364	0.280178779741007	0.307518284060395	0.235321789969426	0.656641539509846	ACTIVATOR_DOMINANT
HLA-L	1.6926200339413	0.232702121066364	0.280178779741007	0.307518284060395	0.662166985097185	0.210053863976348	ACTIVATOR_DOMINANT
IL17REL	1.68969749482215	0.232702121066364	0.280178779741007	0.307518284060395	0.65924444597804	0.210053863976348	ACTIVATOR_DOMINANT
VSIG10L	1.68969749482215	0.232702121066364	0.280178779741007	0.307518284060395	0.65924444597804	0.210053863976348	ACTIVATOR_DOMINANT
OR13J1	1.68677495570301	0.232702121066364	0.280178779741007	0.307518284060395	0.656321906858894	0.210053863976348	ACTIVATOR_DOMINANT
CELA2B	1.68677495570301	0.232702121066364	0.280178779741007	0.307518284060395	0.656321906858894	0.210053863976348	ACTIVATOR_DOMINANT
WBSCR27	1.67899029127798	0.232702121066364	0.280178779741007	0.307518284060395	0.648537242433867	0.210053863976348	ACTIVATOR_DOMINANT
C5orf27	1.67899029127798	0.232702121066364	0.280178779741007	0.307518284060395	0.648537242433867	0.210053863976348	ACTIVATOR_DOMINANT
SLC9A11	1.67899029127798	0.232702121066364	0.280178779741007	0.307518284060395	0.648537242433867	0.210053863976348	ACTIVATOR_DOMINANT
RPRD2	1.67899029127798	0.232702121066364	0.280178779741007	0.307518284060395	0.648537242433867	0.210053863976348	ACTIVATOR_DOMINANT
SLFN12	1.67606775215884	0.232702121066364	0.280178779741007	0.307518284060395	0.645614703314722	0.210053863976348	ACTIVATOR_DOMINANT
AHNAK2	1.67606775215884	0.232702121066364	0.280178779741007	0.307518284060395	0.645614703314722	0.210053863976348	ACTIVATOR_DOMINANT
C14orf45	1.67606775215884	0.232702121066364	0.280178779741007	0.307518284060395	0.645614703314722	0.210053863976348	ACTIVATOR_DOMINANT
ADAMTS14	1.67606775215884	0.232702121066364	0.280178779741007	0.307518284060395	0.645614703314722	0.210053863976348	ACTIVATOR_DOMINANT
PITRM1	1.67606775215884	0.232702121066364	0.280178779741007	0.307518284060395	0.645614703314722	0.210053863976348	ACTIVATOR_DOMINANT
FAM185A	1.67606775215884	0.232702121066364	0.280178779741007	0.307518284060395	0.645614703314722	0.210053863976348	ACTIVATOR_DOMINANT
ELMOD3	1.67606775215884	0.232702121066364	0.280178779741007	0.307518284060395	0.645614703314722	0.210053863976348	ACTIVATOR_DOMINANT
CCDC163P	1.67606775215884	0.232702121066364	0.280178779741007	0.307518284060395	0.645614703314722	0.210053863976348	ACTIVATOR_DOMINANT
OR7D4	1.65966592188539	0.626593204138211	0.280178779741007	0.307518284060395	0.235321789969426	0.210053863976348	ACTIVATOR_DOMINANT
OR10G3	1.65966592188539	0.626593204138211	0.280178779741007	0.307518284060395	0.235321789969426	0.210053863976348	ACTIVATOR_DOMINANT
OR6S1	1.65966592188539	0.626593204138211	0.280178779741007	0.307518284060395	0.235321789969426	0.210053863976348	ACTIVATOR_DOMINANT
OR10AD1	1.65966592188539	0.626593204138211	0.280178779741007	0.307518284060395	0.235321789969426	0.210053863976348	ACTIVATOR_DOMINANT
OR8D2	1.65966592188539	0.626593204138211	0.280178779741007	0.307518284060395	0.235321789969426	0.210053863976348	ACTIVATOR_DOMINANT
OR10G9	1.65966592188539	0.626593204138211	0.280178779741007	0.307518284060395	0.235321789969426	0.210053863976348	ACTIVATOR_DOMINANT
OR6M1	1.65966592188539	0.626593204138211	0.280178779741007	0.307518284060395	0.235321789969426	0.210053863976348	ACTIVATOR_DOMINANT
OR8H1	1.65966592188539	0.626593204138211	0.280178779741007	0.307518284060395	0.235321789969426	0.210053863976348	ACTIVATOR_DOMINANT
OR52N1	1.65966592188539	0.626593204138211	0.280178779741007	0.307518284060395	0.235321789969426	0.210053863976348	ACTIVATOR_DOMINANT
OR52K1	1.65966592188539	0.626593204138211	0.280178779741007	0.307518284060395	0.235321789969426	0.210053863976348	ACTIVATOR_DOMINANT
OR2T11	1.65966592188539	0.626593204138211	0.280178779741007	0.307518284060395	0.235321789969426	0.210053863976348	ACTIVATOR_DOMINANT
OR2AK2	1.65966592188539	0.626593204138211	0.280178779741007	0.307518284060395	0.235321789969426	0.210053863976348	ACTIVATOR_DOMINANT
OR2G2	1.65966592188539	0.626593204138211	0.280178779741007	0.307518284060395	0.235321789969426	0.210053863976348	ACTIVATOR_DOMINANT
OR2B11	1.65966592188539	0.626593204138211	0.280178779741007	0.307518284060395	0.235321789969426	0.210053863976348	ACTIVATOR_DOMINANT
OR10T2	1.65966592188539	0.626593204138211	0.280178779741007	0.307518284060395	0.235321789969426	0.210053863976348	ACTIVATOR_DOMINANT
KIAA1217	1.65677591730055	0.62370319955337	0.280178779741007	0.307518284060395	0.235321789969426	0.210053863976348	ACTIVATOR_DOMINANT
KIF4B	1.65677591730055	0.62370319955337	0.280178779741007	0.307518284060395	0.235321789969426	0.210053863976348	ACTIVATOR_DOMINANT
EMR1	1.64939580822165	0.232702121066364	0.280178779741007	0.307518284060395	0.235321789969426	0.593674833384457	ACTIVATOR_DOMINANT
TSPAN10	1.64939580822165	0.232702121066364	0.280178779741007	0.307518284060395	0.235321789969426	0.593674833384457	ACTIVATOR_DOMINANT
ADAMTSL3	1.64939580822165	0.232702121066364	0.280178779741007	0.307518284060395	0.235321789969426	0.593674833384457	ACTIVATOR_DOMINANT
SLITRK6	1.64939580822165	0.232702121066364	0.280178779741007	0.307518284060395	0.235321789969426	0.593674833384457	ACTIVATOR_DOMINANT
TMEM2	1.64939580822165	0.232702121066364	0.280178779741007	0.307518284060395	0.235321789969426	0.593674833384457	ACTIVATOR_DOMINANT
SLCO5A1	1.64939580822165	0.232702121066364	0.280178779741007	0.307518284060395	0.235321789969426	0.593674833384457	ACTIVATOR_DOMINANT
ABCB5	1.64939580822165	0.232702121066364	0.280178779741007	0.307518284060395	0.235321789969426	0.593674833384457	ACTIVATOR_DOMINANT
HEATR7B2	1.64939580822165	0.232702121066364	0.280178779741007	0.307518284060395	0.235321789969426	0.593674833384457	ACTIVATOR_DOMINANT
BST1	1.64939580822165	0.232702121066364	0.280178779741007	0.307518284060395	0.235321789969426	0.593674833384457	ACTIVATOR_DOMINANT
VAX2	1.64939580822165	0.232702121066364	0.280178779741007	0.307518284060395	0.235321789969426	0.593674833384457	ACTIVATOR_DOMINANT
POMGNT1	1.64939580822165	0.232702121066364	0.280178779741007	0.307518284060395	0.235321789969426	0.593674833384457	ACTIVATOR_DOMINANT
MYOM3	1.64939580822165	0.232702121066364	0.280178779741007	0.307518284060395	0.235321789969426	0.593674833384457	ACTIVATOR_DOMINANT
SGSM1	1.64678707983029	0.232702121066364	0.280178779741007	0.307518284060395	0.235321789969426	0.591066104993099	ACTIVATOR_DOMINANT
TPTE	1.64678707983029	0.232702121066364	0.280178779741007	0.307518284060395	0.235321789969426	0.591066104993099	ACTIVATOR_DOMINANT
ADAM33	1.64678707983029	0.232702121066364	0.280178779741007	0.307518284060395	0.235321789969426	0.591066104993099	ACTIVATOR_DOMINANT
PKD1L2	1.64678707983029	0.232702121066364	0.280178779741007	0.307518284060395	0.235321789969426	0.591066104993099	ACTIVATOR_DOMINANT
ATP10A	1.64678707983029	0.232702121066364	0.280178779741007	0.307518284060395	0.235321789969426	0.591066104993099	ACTIVATOR_DOMINANT
MAGEC1	1.62132958668571	0.232702121066364	0.280178779741007	0.307518284060395	0.235321789969426	0.565608611848519	ACTIVATOR_DOMINANT
XYLT2	1.62132958668571	0.232702121066364	0.280178779741007	0.307518284060395	0.235321789969426	0.565608611848519	ACTIVATOR_DOMINANT
RNF17	1.62132958668571	0.232702121066364	0.280178779741007	0.307518284060395	0.235321789969426	0.565608611848519	ACTIVATOR_DOMINANT
TMEM171	1.62132958668571	0.232702121066364	0.280178779741007	0.307518284060395	0.235321789969426	0.565608611848519	ACTIVATOR_DOMINANT
UPK1A	1.61872085829435	0.232702121066364	0.280178779741007	0.307518284060395	0.235321789969426	0.56299988345716	ACTIVATOR_DOMINANT
C15orf2	1.61872085829435	0.232702121066364	0.280178779741007	0.307518284060395	0.235321789969426	0.56299988345716	ACTIVATOR_DOMINANT
ADAMTS18	1.5837058589064	0.232702121066364	0.280178779741007	0.307518284060395	0.235321789969426	0.527984884069207	ACTIVATOR_DOMINANT
BEST2	1.58274350996475	0.232702121066364	0.280178779741007	0.307518284060395	0.235321789969426	0.527022535127555	ACTIVATOR_DOMINANT
PRRG4	1.58013478157339	0.232702121066364	0.280178779741007	0.307518284060395	0.235321789969426	0.524413806736196	ACTIVATOR_DOMINANT
MTMR7	1.57523908575128	0.542166368004104	0.280178779741007	0.307518284060395	0.235321789969426	0.210053863976348	ACTIVATOR_DOMINANT
KIF19	1.55467728842881	0.232702121066364	0.280178779741007	0.307518284060395	0.235321789969426	0.498956313591616	ACTIVATOR_DOMINANT
PDIA2	1.55467728842881	0.232702121066364	0.280178779741007	0.307518284060395	0.235321789969426	0.498956313591616	ACTIVATOR_DOMINANT
RNASE9	1.55467728842881	0.232702121066364	0.280178779741007	0.307518284060395	0.235321789969426	0.498956313591616	ACTIVATOR_DOMINANT
SBNO1	1.55467728842881	0.232702121066364	0.280178779741007	0.307518284060395	0.235321789969426	0.498956313591616	ACTIVATOR_DOMINANT
ADAMTSL1	1.55467728842881	0.232702121066364	0.280178779741007	0.307518284060395	0.235321789969426	0.498956313591616	ACTIVATOR_DOMINANT
ZC3H3	1.55467728842881	0.232702121066364	0.280178779741007	0.307518284060395	0.235321789969426	0.498956313591616	ACTIVATOR_DOMINANT
RELL2	1.55467728842881	0.232702121066364	0.280178779741007	0.307518284060395	0.235321789969426	0.498956313591616	ACTIVATOR_DOMINANT
ATP10D	1.55467728842881	0.232702121066364	0.280178779741007	0.307518284060395	0.235321789969426	0.498956313591616	ACTIVATOR_DOMINANT
TAS1R2	1.55467728842881	0.232702121066364	0.280178779741007	0.307518284060395	0.235321789969426	0.498956313591616	ACTIVATOR_DOMINANT
DNAH17	1.54511978218543	0.232702121066364	0.280178779741007	0.307518284060395	0.235321789969426	0.489398807348242	ACTIVATOR_DOMINANT
JAKMIP3	1.54251105379408	0.232702121066364	0.280178779741007	0.307518284060395	0.235321789969426	0.486790078956884	ACTIVATOR_DOMINANT
ZCCHC16	1.51444483225814	0.232702121066364	0.280178779741007	0.307518284060395	0.235321789969426	0.458723857420945	ACTIVATOR_DOMINANT
CDH19	1.51444483225814	0.232702121066364	0.280178779741007	0.307518284060395	0.235321789969426	0.458723857420945	ACTIVATOR_DOMINANT
STK31	1.51444483225814	0.232702121066364	0.280178779741007	0.307518284060395	0.235321789969426	0.458723857420945	ACTIVATOR_DOMINANT
ZNF407	1.50488732601476	0.232702121066364	0.280178779741007	0.307518284060395	0.235321789969426	0.449166351177572	ACTIVATOR_DOMINANT
ACTRT1	1.26577483881354	0.232702121066364	0.280178779741007	0.307518284060395	0.235321789969426	0.210053863976348	ACTIVATOR_DOMINANT
FAM47A	1.26577483881354	0.232702121066364	0.280178779741007	0.307518284060395	0.235321789969426	0.210053863976348	ACTIVATOR_DOMINANT
SHANK3	1.26577483881354	0.232702121066364	0.280178779741007	0.307518284060395	0.235321789969426	0.210053863976348	ACTIVATOR_DOMINANT
ARHGAP8,PRR5-ARHGAP8	1.26577483881354	0.232702121066364	0.280178779741007	0.307518284060395	0.235321789969426	0.210053863976348	ACTIVATOR_DOMINANT
KRTAP12-2	1.26577483881354	0.232702121066364	0.280178779741007	0.307518284060395	0.235321789969426	0.210053863976348	ACTIVATOR_DOMINANT
FAM182A	1.26577483881354	0.232702121066364	0.280178779741007	0.307518284060395	0.235321789969426	0.210053863976348	ACTIVATOR_DOMINANT
SEL1L2	1.26577483881354	0.232702121066364	0.280178779741007	0.307518284060395	0.235321789969426	0.210053863976348	ACTIVATOR_DOMINANT
ZIM3	1.26577483881354	0.232702121066364	0.280178779741007	0.307518284060395	0.235321789969426	0.210053863976348	ACTIVATOR_DOMINANT
ZNF835	1.26577483881354	0.232702121066364	0.280178779741007	0.307518284060395	0.235321789969426	0.210053863976348	ACTIVATOR_DOMINANT
NLRP13	1.26577483881354	0.232702121066364	0.280178779741007	0.307518284060395	0.235321789969426	0.210053863976348	ACTIVATOR_DOMINANT
KIR2DS4;KIR2DS4	1.26577483881354	0.232702121066364	0.280178779741007	0.307518284060395	0.235321789969426	0.210053863976348	ACTIVATOR_DOMINANT
KIR3DX1	1.26577483881354	0.232702121066364	0.280178779741007	0.307518284060395	0.235321789969426	0.210053863976348	ACTIVATOR_DOMINANT
TARM1	1.26577483881354	0.232702121066364	0.280178779741007	0.307518284060395	0.235321789969426	0.210053863976348	ACTIVATOR_DOMINANT
MIR518D	1.26577483881354	0.232702121066364	0.280178779741007	0.307518284060395	0.235321789969426	0.210053863976348	ACTIVATOR_DOMINANT
MLL4	1.26577483881354	0.232702121066364	0.280178779741007	0.307518284060395	0.235321789969426	0.210053863976348	ACTIVATOR_DOMINANT
LOC100128675	1.26577483881354	0.232702121066364	0.280178779741007	0.307518284060395	0.235321789969426	0.210053863976348	ACTIVATOR_DOMINANT
TMPRSS9	1.26577483881354	0.232702121066364	0.280178779741007	0.307518284060395	0.235321789969426	0.210053863976348	ACTIVATOR_DOMINANT
C17orf47	1.26577483881354	0.232702121066364	0.280178779741007	0.307518284060395	0.235321789969426	0.210053863976348	ACTIVATOR_DOMINANT
GPR179	1.26577483881354	0.232702121066364	0.280178779741007	0.307518284060395	0.235321789969426	0.210053863976348	ACTIVATOR_DOMINANT
ABCC11;ABCC11	1.26577483881354	0.232702121066364	0.280178779741007	0.307518284060395	0.235321789969426	0.210053863976348	ACTIVATOR_DOMINANT
ARRDC4	1.26577483881354	0.232702121066364	0.280178779741007	0.307518284060395	0.235321789969426	0.210053863976348	ACTIVATOR_DOMINANT
MEGF11	1.26577483881354	0.232702121066364	0.280178779741007	0.307518284060395	0.235321789969426	0.210053863976348	ACTIVATOR_DOMINANT
RAGE	1.26577483881354	0.232702121066364	0.280178779741007	0.307518284060395	0.235321789969426	0.210053863976348	ACTIVATOR_DOMINANT
MIR300	1.26577483881354	0.232702121066364	0.280178779741007	0.307518284060395	0.235321789969426	0.210053863976348	ACTIVATOR_DOMINANT
FAM181A	1.26577483881354	0.232702121066364	0.280178779741007	0.307518284060395	0.235321789969426	0.210053863976348	ACTIVATOR_DOMINANT
KIAA1409	1.26577483881354	0.232702121066364	0.280178779741007	0.307518284060395	0.235321789969426	0.210053863976348	ACTIVATOR_DOMINANT
OR11H12	1.26577483881354	0.232702121066364	0.280178779741007	0.307518284060395	0.235321789969426	0.210053863976348	ACTIVATOR_DOMINANT
MIR548F5	1.26577483881354	0.232702121066364	0.280178779741007	0.307518284060395	0.235321789969426	0.210053863976348	ACTIVATOR_DOMINANT
WDR66;WDR66	1.26577483881354	0.232702121066364	0.280178779741007	0.307518284060395	0.235321789969426	0.210053863976348	ACTIVATOR_DOMINANT
ACADS;ACADS	1.26577483881354	0.232702121066364	0.280178779741007	0.307518284060395	0.235321789969426	0.210053863976348	ACTIVATOR_DOMINANT
DENND5B	1.26577483881354	0.232702121066364	0.280178779741007	0.307518284060395	0.235321789969426	0.210053863976348	ACTIVATOR_DOMINANT
TAS2R42	1.26577483881354	0.232702121066364	0.280178779741007	0.307518284060395	0.235321789969426	0.210053863976348	ACTIVATOR_DOMINANT
TAS2R43	1.26577483881354	0.232702121066364	0.280178779741007	0.307518284060395	0.235321789969426	0.210053863976348	ACTIVATOR_DOMINANT
DDX12	1.26577483881354	0.232702121066364	0.280178779741007	0.307518284060395	0.235321789969426	0.210053863976348	ACTIVATOR_DOMINANT
HEPN1	1.26577483881354	0.232702121066364	0.280178779741007	0.307518284060395	0.235321789969426	0.210053863976348	ACTIVATOR_DOMINANT
PANX3	1.26577483881354	0.232702121066364	0.280178779741007	0.307518284060395	0.235321789969426	0.210053863976348	ACTIVATOR_DOMINANT
HSPB2-C11ORF52	1.26577483881354	0.232702121066364	0.280178779741007	0.307518284060395	0.235321789969426	0.210053863976348	ACTIVATOR_DOMINANT
MRGPRF;MRGPRF	1.26577483881354	0.232702121066364	0.280178779741007	0.307518284060395	0.235321789969426	0.210053863976348	ACTIVATOR_DOMINANT
DNHD1	1.26577483881354	0.232702121066364	0.280178779741007	0.307518284060395	0.235321789969426	0.210053863976348	ACTIVATOR_DOMINANT
OSBPL5	1.26577483881354	0.232702121066364	0.280178779741007	0.307518284060395	0.235321789969426	0.210053863976348	ACTIVATOR_DOMINANT
PNLIPRP2	1.26577483881354	0.232702121066364	0.280178779741007	0.307518284060395	0.235321789969426	0.210053863976348	ACTIVATOR_DOMINANT
SYT15	1.26577483881354	0.232702121066364	0.280178779741007	0.307518284060395	0.235321789969426	0.210053863976348	ACTIVATOR_DOMINANT
ARMC4;ARMC4	1.26577483881354	0.232702121066364	0.280178779741007	0.307518284060395	0.235321789969426	0.210053863976348	ACTIVATOR_DOMINANT
NEBL;NEBL	1.26577483881354	0.232702121066364	0.280178779741007	0.307518284060395	0.235321789969426	0.210053863976348	ACTIVATOR_DOMINANT
MRC1,MRC1L1	1.26577483881354	0.232702121066364	0.280178779741007	0.307518284060395	0.235321789969426	0.210053863976348	ACTIVATOR_DOMINANT
NCRNA00200	1.26577483881354	0.232702121066364	0.280178779741007	0.307518284060395	0.235321789969426	0.210053863976348	ACTIVATOR_DOMINANT
LOC286238	1.26577483881354	0.232702121066364	0.280178779741007	0.307518284060395	0.235321789969426	0.210053863976348	ACTIVATOR_DOMINANT
C9orf123	1.26577483881354	0.232702121066364	0.280178779741007	0.307518284060395	0.235321789969426	0.210053863976348	ACTIVATOR_DOMINANT
C8orf34	1.26577483881354	0.232702121066364	0.280178779741007	0.307518284060395	0.235321789969426	0.210053863976348	ACTIVATOR_DOMINANT
IDO2	1.26577483881354	0.232702121066364	0.280178779741007	0.307518284060395	0.235321789969426	0.210053863976348	ACTIVATOR_DOMINANT
ADAM7	1.26577483881354	0.232702121066364	0.280178779741007	0.307518284060395	0.235321789969426	0.210053863976348	ACTIVATOR_DOMINANT
ADAMDEC1	1.26577483881354	0.232702121066364	0.280178779741007	0.307518284060395	0.235321789969426	0.210053863976348	ACTIVATOR_DOMINANT
R3HCC1	1.26577483881354	0.232702121066364	0.280178779741007	0.307518284060395	0.235321789969426	0.210053863976348	ACTIVATOR_DOMINANT
C8orf79	1.26577483881354	0.232702121066364	0.280178779741007	0.307518284060395	0.235321789969426	0.210053863976348	ACTIVATOR_DOMINANT
SGK223	1.26577483881354	0.232702121066364	0.280178779741007	0.307518284060395	0.235321789969426	0.210053863976348	ACTIVATOR_DOMINANT
ZAN	1.26577483881354	0.232702121066364	0.280178779741007	0.307518284060395	0.235321789969426	0.210053863976348	ACTIVATOR_DOMINANT
PCLO	1.26577483881354	0.232702121066364	0.280178779741007	0.307518284060395	0.235321789969426	0.210053863976348	ACTIVATOR_DOMINANT
CCDC146	1.26577483881354	0.232702121066364	0.280178779741007	0.307518284060395	0.235321789969426	0.210053863976348	ACTIVATOR_DOMINANT
DNAH11	1.26577483881354	0.232702121066364	0.280178779741007	0.307518284060395	0.235321789969426	0.210053863976348	ACTIVATOR_DOMINANT
C6orf208,NCRNA00242	1.26577483881354	0.232702121066364	0.280178779741007	0.307518284060395	0.235321789969426	0.210053863976348	ACTIVATOR_DOMINANT
FAM162B	1.26577483881354	0.232702121066364	0.280178779741007	0.307518284060395	0.235321789969426	0.210053863976348	ACTIVATOR_DOMINANT
MUTED-TXNDC5	1.26577483881354	0.232702121066364	0.280178779741007	0.307518284060395	0.235321789969426	0.210053863976348	ACTIVATOR_DOMINANT
GABRP	1.26577483881354	0.232702121066364	0.280178779741007	0.307518284060395	0.235321789969426	0.210053863976348	ACTIVATOR_DOMINANT
PCDHB16	1.26577483881354	0.232702121066364	0.280178779741007	0.307518284060395	0.235321789969426	0.210053863976348	ACTIVATOR_DOMINANT
PCDHB8	1.26577483881354	0.232702121066364	0.280178779741007	0.307518284060395	0.235321789969426	0.210053863976348	ACTIVATOR_DOMINANT
PCDHB3	1.26577483881354	0.232702121066364	0.280178779741007	0.307518284060395	0.235321789969426	0.210053863976348	ACTIVATOR_DOMINANT
PCDHA6	1.26577483881354	0.232702121066364	0.280178779741007	0.307518284060395	0.235321789969426	0.210053863976348	ACTIVATOR_DOMINANT
C5orf20	1.26577483881354	0.232702121066364	0.280178779741007	0.307518284060395	0.235321789969426	0.210053863976348	ACTIVATOR_DOMINANT
RNU5D,RNU5E	1.26577483881354	0.232702121066364	0.280178779741007	0.307518284060395	0.235321789969426	0.210053863976348	ACTIVATOR_DOMINANT
FLJ37543	1.26577483881354	0.232702121066364	0.280178779741007	0.307518284060395	0.235321789969426	0.210053863976348	ACTIVATOR_DOMINANT
ANKRD55	1.26577483881354	0.232702121066364	0.280178779741007	0.307518284060395	0.235321789969426	0.210053863976348	ACTIVATOR_DOMINANT
DDX60L	1.26577483881354	0.232702121066364	0.280178779741007	0.307518284060395	0.235321789969426	0.210053863976348	ACTIVATOR_DOMINANT
PABPC4L	1.26577483881354	0.232702121066364	0.280178779741007	0.307518284060395	0.235321789969426	0.210053863976348	ACTIVATOR_DOMINANT
DTHD1	1.26577483881354	0.232702121066364	0.280178779741007	0.307518284060395	0.235321789969426	0.210053863976348	ACTIVATOR_DOMINANT
OTOL1	1.26577483881354	0.232702121066364	0.280178779741007	0.307518284060395	0.235321789969426	0.210053863976348	ACTIVATOR_DOMINANT
TMPRSS7	1.26577483881354	0.232702121066364	0.280178779741007	0.307518284060395	0.235321789969426	0.210053863976348	ACTIVATOR_DOMINANT
GRIP2	1.26577483881354	0.232702121066364	0.280178779741007	0.307518284060395	0.235321789969426	0.210053863976348	ACTIVATOR_DOMINANT
C3orf31	1.26577483881354	0.232702121066364	0.280178779741007	0.307518284060395	0.235321789969426	0.210053863976348	ACTIVATOR_DOMINANT
CERKL	1.26577483881354	0.232702121066364	0.280178779741007	0.307518284060395	0.235321789969426	0.210053863976348	ACTIVATOR_DOMINANT
MIR1258	1.26577483881354	0.232702121066364	0.280178779741007	0.307518284060395	0.235321789969426	0.210053863976348	ACTIVATOR_DOMINANT
RGPD4;RGPD4	1.26577483881354	0.232702121066364	0.280178779741007	0.307518284060395	0.235321789969426	0.210053863976348	ACTIVATOR_DOMINANT
MYBPH;MYBPH	1.26577483881354	0.232702121066364	0.280178779741007	0.307518284060395	0.235321789969426	0.210053863976348	ACTIVATOR_DOMINANT
LOC100527964	1.26577483881354	0.232702121066364	0.280178779741007	0.307518284060395	0.235321789969426	0.210053863976348	ACTIVATOR_DOMINANT
C1orf129	1.26577483881354	0.232702121066364	0.280178779741007	0.307518284060395	0.235321789969426	0.210053863976348	ACTIVATOR_DOMINANT
ANKRD35	1.26577483881354	0.232702121066364	0.280178779741007	0.307518284060395	0.235321789969426	0.210053863976348	DISEASE_RECESSIVE
FAM151A	1.26577483881354	0.232702121066364	0.280178779741007	0.307518284060395	0.235321789969426	0.210053863976348	DISEASE_RECESSIVE
GLIS1	1.26577483881354	0.232702121066364	0.280178779741007	0.307518284060395	0.235321789969426	0.210053863976348	DISEASE_RECESSIVE
PRAMEF1	1.26577483881354	0.232702121066364	0.280178779741007	0.307518284060395	0.235321789969426	0.210053863976348	DISEASE_RECESSIVE
PRAMEF7,PRAMEF8	1.26577483881354	0.232702121066364	0.280178779741007	0.307518284060395	0.235321789969426	0.210053863976348	DISEASE_RECESSIVE
