chr	start	end	ref	alt	n_fm	n_ho_fm	n_he_fm	n_ig2p_fm	n_ca	n_ho_ca	n_he_ca	n_ig2p_ca	n_h	n_ho_h	n_he_h	n_ig2p_h	n_son2parent_ig	p_fm	p_ho_fm	p_he_fm	p_ig2p_fm	p_ca	p_ho_ca	p_he_ca	p_ig2p_ca	p_h	p_ho_h	p_he_h	p_ig2p_h	p_son2parent_ig	mean_cov	min_cov	mean_af	n_below_af	p_below_af	c_type	dbSNP_id	X1000genomes_id	gene	miRNA_region	miRNA_id	s_ids	s_alleles	s_coverages	s_ref_count	s_alt_count
1	39806566	39806566	A	G	2	0	2	0	2	0	2	0	0	0	0	0	0	0.143	0	0.143	0	1	0	1	0	0	0	0	0	0	62	57	0.48	0	0	nonsynonymous SNV	rs41270809	0.015	MACF1	NA		2961,2942	AG,AG	67,57	35,29	32,28
1	227786257	227786257	T	C	2	1	1	0	2	1	1	0	0	0	0	0	0	0.143	0.071	0.071	0	1	0.5	0.5	0	0	0	0	0	0	6.5	3	0.8	0	0	ncRNA	rs12082414	0.262	ZNF678	NA		2961,2942	TC,CC	10,3	4,0	6,3
1	248084609	248084609	C	T	2	2	0	0	2	2	0	0	0	0	0	0	0	0.143	0.143	0	0	1	1	0	0	0	0	0	0	0	6	5	0.79	0	0	nonsynonymous SNV	rs6692357	0.980	OR2T8	NA		2961,2942	TT,TT	5,7	0,3	5,4
2	21229945	21229945	T	C	2	0	2	0	2	0	2	0	0	0	0	0	0	0.143	0	0.143	0	1	0	1	0	0	0	0	0	0	19	17	0.39	0	0	nonsynonymous SNV	unknown	unknown	APOB	NA		2961,2942	TC,TC	21,17	11,12	10,5
2	48030612	48030612	C	T	2	0	2	0	2	0	2	0	0	0	0	0	0	0.143	0	0.143	0	1	0	1	0	0	0	0	0	0	95	87	0.44	0	0	nonsynonymous SNV	rs63750617	unknown	MSH6	NA		2961,2942	CT,CT	103,87	57,49	46,37
2	71211883	71211883	G	T	2	0	2	0	2	0	2	0	0	0	0	0	0	0.143	0	0.143	0	1	0	1	0	0	0	0	0	0	14.5	13	0.36	0	0	nonsynonymous SNV	rs11688921	0.006	ANKRD53	NA		2961,2942	GT,GT	16,13	12,7	4,6
2	79385859	79385859	A	T	2	0	2	0	2	0	2	0	0	0	0	0	0	0.143	0	0.143	0	1	0	1	0	0	0	0	0	0	50.5	50	0.38	0	0	nonsynonymous SNV	unknown	unknown	REG3A	NA		2961,2942	AT,AT	50,51	30,32	19,19
2	233406178	233406178	G	A	2	0	2	0	2	0	2	0	0	0	0	0	0	0.143	0	0.143	0	1	0	1	0	0	0	0	0	0	56.5	48	0.38	0	0	nonsynonymous SNV	rs2289080	0.042	CHRNG	NA		2961,2942	GA,GA	65,48	37,32	28,16
3	48671025	48671025	C	G	2	0	2	0	2	0	2	0	0	0	0	0	0	0.143	0	0.143	0	1	0	1	0	0	0	0	0	0	20	15	0.38	0	0	nonsynonymous SNV	unknown	unknown	SLC26A6	NA		2961,2942	CG,CG	25,15	16,9	9,6
3	52521453	52521453	G	A	2	0	2	0	2	0	2	0	0	0	0	0	0	0.143	0	0.143	0	1	0	1	0	0	0	0	0	0	5.5	5	0.55	0	0	nonsynonymous SNV	unknown	unknown	NISCH	NA		2961,2942	GA,GA	6,5	3,2	3,3
3	53914093	53914093	G	A	2	0	2	0	2	0	2	0	0	0	0	0	0	0.143	0	0.143	0	1	0	1	0	0	0	0	0	0	148	135	0.42	0	0	nonsynonymous SNV	rs3733082	0.077	ACTR8	NA		2961,2942	GA,GA	161,135	91,81	70,54
3	62240843	62240843	G	A	2	0	2	0	2	0	2	0	0	0	0	0	0	0.143	0	0.143	0	1	0	1	0	0	0	0	0	0	95	88	0.47	0	0	nonsynonymous SNV	rs72878145	0.007	PTPRG	NA		2961,2942	GA,GA	88,102	49,51	39,51
3	132294586	132294586	C	T	2	0	2	0	2	0	2	0	0	0	0	0	0	0.143	0	0.143	0	1	0	1	0	0	0	0	0	0	26.5	22	0.42	0	0	ncRNA	unknown	unknown	NPHP3-ACAD11	NA		2961,2942	CT,CT	31,22	16,14	15,8
3	135870392	135870392	A	G	2	0	2	0	2	0	2	0	0	0	0	0	0	0.143	0	0.143	0	1	0	1	0	0	0	0	0	0	34.5	32	0.45	0	0	nonsynonymous SNV	unknown	unknown	MSL2	NA		2961,2942	AG,AG	32,37	17,21	15,16
3	167023576	167023576	T	G	2	0	2	0	2	0	2	0	0	0	0	0	0	0.143	0	0.143	0	1	0	1	0	0	0	0	0	0	69.5	62	0.37	0	0	nonsynonymous SNV	unknown	unknown	ZBBX	NA		2961,2942	TG,TG	77,62	46,41	31,21
3	195712586	195712586	C	T	2	2	0	0	2	2	0	0	0	0	0	0	0	0.143	0.143	0	0	1	1	0	0	0	0	0	0	0	7.5	6	0.94	0	0	ncRNA	unknown	unknown	SDHAP1	NA		2961,2942	TT,TT	6,9	0,1	6,8
4	955789	955789	G	A	2	0	2	0	2	0	2	0	0	0	0	0	0	0.143	0	0.143	0	1	0	1	0	0	0	0	0	0	32	31	0.45	0	0	nonsynonymous SNV	unknown	unknown	DGKQ	NA		2961,2942	GA,GA	31,33	17,18	14,15
4	1806629	1806629	C	T	2	0	2	0	2	0	2	0	0	0	0	0	0	0.143	0	0.143	0	1	0	1	0	0	0	0	0	0	4.5	4	0.78	0	0	nonsynonymous SNV	rs61735104	0.001	FGFR3	NA		2961,2942	CT,CT	5,4	1,1	4,3
4	5733317	5733317	G	A	2	0	2	0	2	0	2	0	0	0	0	0	0	0.143	0	0.143	0	1	0	1	0	0	0	0	0	0	15.5	15	0.58	0	0	nonsynonymous SNV	rs41269549	0.001	EVC	NA		2961,2942	GA,GA	16,15	8,5	8,10
4	7435901	7435901	C	T	2	0	2	0	2	0	2	0	0	0	0	0	0	0.143	0	0.143	0	1	0	1	0	0	0	0	0	0	26	22	0.47	0	0	nonsynonymous SNV	rs56269914	0.004	PSAPL1	NA		2961,2942	CT,CT	22,30	13,14	9,16
4	187178473	187178473	G	A	2	1	1	0	2	1	1	0	0	0	0	0	0	0.143	0.071	0.071	0	1	0.5	0.5	0	0	0	0	0	0	40.5	35	0.53	0	0	nonsynonymous SNV	rs4253325	0.179	KLKB1	NA		2961,2942	GA,AA	46,35	33,8	13,27
4	187455399	187455399	C	T	2	0	2	0	2	0	2	0	0	0	0	0	0	0.143	0	0.143	0	1	0	1	0	0	0	0	0	0	24	16	0.39	0	0	nonsynonymous SNV	rs28383653	0.003	MTNR1A	NA		2961,2942	CT,CT	16,32	11,17	5,15
4	187518041	187518041	T	C	2	0	2	0	2	0	2	0	0	0	0	0	0	0.143	0	0.143	0	1	0	1	0	0	0	0	0	0	74	71	0.44	0	0	nonsynonymous SNV	rs72716244	0.011	FAT1	NA		2961,2942	TC,TC	71,77	41,42	30,35
5	16681451	16681451	C	A	2	0	2	0	2	0	2	0	0	0	0	0	0	0.143	0	0.143	0	1	0	1	0	0	0	0	0	0	74.5	63	0.46	0	0	nonsynonymous SNV	unknown	unknown	MYO10	NA		2961,2942	CA,CA	63,86	32,49	31,37
5	32058162	32058162	C	A	2	0	2	0	2	0	2	0	0	0	0	0	0	0.143	0	0.143	0	1	0	1	0	0	0	0	0	0	10	8	0.44	0	0	nonsynonymous SNV	unknown	0.004	PDZD2	NA		2961,2942	CA,CA	12,8	6,5	6,3
5	40972534	40972534	G	A	2	0	2	0	2	0	2	0	0	0	0	0	0	0.143	0	0.143	0	1	0	1	0	0	0	0	0	0	126	115	0.37	0	0	nonsynonymous SNV	unknown	unknown	C7	NA		2961,2942	GA,GA	137,115	86,73	51,42
5	41159236	41159236	C	T	2	0	2	0	2	0	2	0	0	0	0	0	0	0.143	0	0.143	0	1	0	1	0	0	0	0	0	0	68	62	0.36	0	0	nonsynonymous SNV	unknown	unknown	C6	NA		2961,2942	CT,CT	74,62	48,38	25,24
5	44811251	44811251	G	A	2	0	2	0	2	0	2	0	0	0	0	0	0	0.143	0	0.143	0	1	0	1	0	0	0	0	0	0	87	75	0.38	0	0	nonsynonymous SNV	unknown	unknown	MRPS30	NA		2961,2942	GA,GA	99,75	58,49	40,26
5	137278682	137278682	T	C	2	0	2	0	2	0	2	0	0	0	0	0	0	0.143	0	0.143	0	1	0	1	0	0	0	0	0	0	96.5	80	0.43	0	0	nonsynonymous SNV	rs33956817	0.032	FAM13B	NA		2961,2942	TC,TC	80,113	43,69	37,44
5	145557117	145557117	G	T	2	0	2	0	2	0	2	0	0	0	0	0	0	0.143	0	0.143	0	1	0	1	0	0	0	0	0	0	113	106	0.42	0	0	nonsynonymous SNV	unknown	unknown	LARS	NA		2961,2942	GT,GT	120,106	66,62	51,42
6	29855901	29855901	A	G	2	2	0	0	2	2	0	0	0	0	0	0	0	0.143	0.143	0	0	1	1	0	0	0	0	0	0	0	5.5	4	0.66	0	0	ncRNA	rs1059453	0.672	HLA-H	NA		2961,2942	GG,GG	7,4	3,1	4,3
6	30656509	30656509	G	A	2	1	1	0	2	1	1	0	0	0	0	0	0	0.143	0.071	0.071	0	1	0.5	0.5	0	0	0	0	0	0	16	15	0.71	0	0	nonsynonymous SNV	rs61572689	0.012	NRM	NA		2961,2942	AA,GA	17,15	2,7	15,8
6	32609207	32609207	C	T	2	2	0	0	2	2	0	0	0	0	0	0	0	0.143	0.143	0	0	1	1	0	0	0	0	0	0	0	10.5	9	0.94	0	0	nonsynonymous SNV	rs1142324	0.310	HLA-DQA1	NA		2961,2942	TT,TT	9,12	1,0	8,12
6	106999822	106999822	G	A	2	1	1	0	2	1	1	0	0	0	0	0	0	0.143	0.071	0.071	0	1	0.5	0.5	0	0	0	0	0	0	20.5	19	0.64	0	0	nonsynonymous SNV	rs2297970	0.172	AIM1	NA		2961,2942	GA,AA	22,19	16,0	6,19
7	24758818	24758818	G	T	2	0	2	0	2	0	2	0	0	0	0	0	0	0.143	0	0.143	0	1	0	1	0	0	0	0	0	0	32.5	28	0.31	0	0	nonsynonymous SNV	rs754554	0.237	DFNA5	NA		2961,2942	GT,GT	37,28	26,19	11,9
7	63808638	63808638	C	A	2	0	2	0	2	0	2	0	0	0	0	0	0	0.143	0	0.143	0	1	0	1	0	0	0	0	0	0	10	8	0.42	0	0	nonsynonymous SNV	unknown	unknown	ZNF736	NA		2961,2942	CA,CA	12,8	8,4	4,4
8	144995324	144995324	C	G	2	0	2	0	2	0	2	0	0	0	0	0	0	0.143	0	0.143	0	1	0	1	0	0	0	0	0	0	11.5	10	0.4	0	0	nonsynonymous SNV	unknown	unknown	PLEC	NA		2961,2942	CG,CG	13,10	9,5	4,5
9	20881888	20881888	C	T	2	0	2	0	2	0	2	0	0	0	0	0	0	0.143	0	0.143	0	1	0	1	0	0	0	0	0	0	27	20	0.44	0	0	nonsynonymous SNV	unknown	unknown	KIAA1797	NA		2961,2942	CT,CT	20,34	10,21	10,13
9	33624429	33624429	A	C	2	0	2	0	2	0	2	0	0	0	0	0	0	0.143	0	0.143	0	1	0	1	0	0	0	0	0	0	14	12	0.69	0	0	ncRNA	rs855523	0.116	ANXA2P2	NA		2961,2942	AC,AC	16,12	2,6	14,6
9	125133507	125133507	C	T	2	0	2	0	2	0	2	0	0	0	0	0	0	0.143	0	0.143	0	1	0	1	0	0	0	0	0	0	18.5	16	0.39	0	0	nonsynonymous SNV	rs3842787	0.058	PTGS1	NA		2961,2942	CT,CT	16,21	9,14	7,7
9	139929435	139929435	A	G	2	1	1	0	2	1	1	0	0	0	0	0	0	0.143	0.071	0.071	0	1	0.5	0.5	0	0	0	0	0	0	11.5	6	0.68	0	0	nonsynonymous SNV	rs12337910	0.082	C9orf139	NA		2961,2942	AG,GG	17,6	11,0	6,6
9	140357972	140357972	A	G	2	2	0	0	2	2	0	0	0	0	0	0	0	0.143	0.143	0	0	1	1	0	0	0	0	0	0	0	6	5	0.93	0	0	nonsynonymous SNV	rs1891627	0.999	PNPLA7	NA		2961,2942	GG,GG	7,5	1,0	6,5
10	1065710	1065710	C	T	2	0	2	0	2	0	2	0	0	0	0	0	0	0.143	0	0.143	0	1	0	1	0	0	0	0	0	0	87.5	79	0.38	0	0	stopgain SNV	rs1044261	0.040	IDI2	NA		2961,2942	CT,CT	96,79	62,46	33,32
10	1568950	1568950	C	T	2	1	1	0	2	1	1	0	0	0	0	0	0	0.143	0.071	0.071	0	1	0.5	0.5	0	0	0	0	0	0	11	11	0.64	0	0	ncRNA	rs61745914	0.019	NCRNA00168	NA		2961,2942	TT,CT	11,11	2,6	9,5
11	60696399	60696399	G	A	2	0	2	0	2	0	2	0	0	0	0	0	0	0.143	0	0.143	0	1	0	1	0	0	0	0	0	0	5	4	0.79	0	0	nonsynonymous SNV	rs61751216	0.019	TMEM132A	NA		2961,2942	GA,GA	4,6	1,1	3,5
11	63764488	63764488	C	T	2	0	2	0	2	0	2	0	0	0	0	0	0	0.143	0	0.143	0	1	0	1	0	0	0	0	0	0	16.5	13	0.46	0	0	ncRNA	rs320150	0.011	OTUB1	NA		2961,2942	CT,CT	20,13	10,7	10,5
12	40657700	40657700	C	G	2	0	2	0	2	0	2	0	0	0	0	0	0	0.143	0	0.143	0	1	0	1	0	0	0	0	0	0	43	40	0.43	0	0	nonsynonymous SNV	rs7308720	0.085	LRRK2	NA		2961,2942	CG,CG	40,46	20,29	20,17
12	53012128	53012128	C	T	2	0	2	0	2	0	2	0	0	0	0	0	0	0.143	0	0.143	0	1	0	1	0	0	0	0	0	0	12.5	6	0.68	0	0	nonsynonymous SNV	rs35417182	0.058	KRT73	NA		2961,2942	CT,CT	6,19	1,9	5,10
12	54675113	54675113	G	A	2	0	2	0	2	0	2	0	0	0	0	0	0	0.143	0	0.143	0	1	0	1	0	0	0	0	0	0	59	55	0.55	0	0	ncRNA	rs2071391	0.241	HNRNPA1P10	NA		2961,2942	GA,GA	55,63	25,28	30,35
12	94769769	94769769	G	A	2	0	2	0	2	0	2	0	0	0	0	0	0	0.143	0	0.143	0	1	0	1	0	0	0	0	0	0	43.5	43	0.48	0	0	nonsynonymous SNV	rs74340001	0.029	CCDC41	NA		2961,2942	GA,GA	43,44	19,26	24,18
13	20763264	20763264	C	T	2	0	2	0	2	0	2	0	0	0	0	0	0	0.143	0	0.143	0	1	0	1	0	0	0	0	0	0	27.5	23	0.48	0	0	nonsynonymous SNV	unknown	0.000	GJB2	NA		2961,2942	CT,CT	32,23	18,11	14,12
13	21189941	21189941	G	A	2	0	2	0	2	0	2	0	0	0	0	0	0	0.143	0	0.143	0	1	0	1	0	0	0	0	0	0	38.5	27	0.35	0	0	nonsynonymous SNV	rs2442455	0.124	IFT88	NA		2961,2942	GA,GA	50,27	28,20	22,7
13	21729883	21729883	C	A	2	0	2	0	2	0	2	0	0	0	0	0	0	0.143	0	0.143	0	1	0	1	0	0	0	0	0	0	166.5	151	0.35	0	0	nonsynonymous SNV	unknown	unknown	SKA3	NA		2961,2942	CA,CA	182,151	111,102	70,45
13	76379728	76379728	A	G	2	0	2	0	2	0	2	0	0	0	0	0	0	0.143	0	0.143	0	1	0	1	0	0	0	0	0	0	75.5	70	0.41	0	0	nonsynonymous SNV	unknown	unknown	LMO7	NA		2961,2942	AG,AG	81,70	42,46	39,24
14	52508842	52508842	C	A	2	0	2	0	2	0	2	0	0	0	0	0	0	0.143	0	0.143	0	1	0	1	0	0	0	0	0	0	12.5	7	0.49	0	0	nonsynonymous SNV	rs61747585	0.036	NID2	NA		2961,2942	CA,CA	18,7	8,4	10,3
14	73404752	73404752	G	C	2	0	2	0	2	0	2	0	0	0	0	0	0	0.143	0	0.143	0	1	0	1	0	0	0	0	0	0	32	25	0.37	0	0	nonsynonymous SNV	rs2302588	0.100	DCAF4	NA		2961,2942	GC,GC	39,25	26,15	13,10
15	53907906	53907906	A	C	2	0	2	0	2	0	2	0	0	0	0	0	0	0.143	0	0.143	0	1	0	1	0	0	0	0	0	0	34.5	34	0.52	0	0	nonsynonymous SNV	rs16966320	0.132	WDR72	NA		2961,2942	AC,AC	34,35	17,16	17,19
15	101114086	101114086	G	A	2	0	2	0	2	0	2	0	0	0	0	0	0	0.143	0	0.143	0	1	0	1	0	0	0	0	0	0	49.5	44	0.44	0	0	nonsynonymous SNV	rs34967129	0.028	LINS	NA		2961,2942	GA,GA	44,55	24,29	17,26
15	101814816	101814816	C	A	2	0	2	0	2	0	2	0	0	0	0	0	0	0.143	0	0.143	0	1	0	1	0	0	0	0	0	0	135	110	0.41	0	0	nonsynonymous SNV	rs79140824	0.028	SELS	NA		2961,2942	CA,CA	160,110	95,65	65,45
16	4484396	4484396	A	T	2	0	2	0	2	0	2	0	0	0	0	0	0	0.143	0	0.143	0	1	0	1	0	0	0	0	0	0	44.5	43	0.39	0	0	nonsynonymous SNV	rs4785963	0.721	DNAJA3	NA		2961,2942	AT,AT	43,46	24,29	17,16
16	27772880	27772880	G	A	2	0	2	0	2	0	2	0	0	0	0	0	0	0.143	0	0.143	0	1	0	1	0	0	0	0	0	0	16	16	0.44	0	0	nonsynonymous SNV	rs61742593	0.018	KIAA0556	NA		2961,2942	GA,GA	16,16	7,11	9,5
16	52473564	52473564	G	A	2	0	2	0	2	0	2	0	0	0	0	0	0	0.143	0	0.143	0	1	0	1	0	0	0	0	0	0	58	52	0.33	0	0	nonsynonymous SNV	unknown	0.001	TOX3	NA		2961,2942	GA,GA	52,64	34,43	17,21
16	71509902	71509902	T	C	2	0	2	0	2	0	2	0	0	0	0	0	0	0.143	0	0.143	0	1	0	1	0	0	0	0	0	0	29.5	29	0.54	0	0	nonsynonymous SNV	unknown	unknown	ZNF19	NA		2961,2942	TC,TC	29,30	14,13	15,17
16	74773946	74773946	C	T	2	0	2	0	2	0	2	0	0	0	0	0	0	0.143	0	0.143	0	1	0	1	0	0	0	0	0	0	133.5	127	0.47	0	0	nonsynonymous SNV	unknown	0.001	FA2H	NA		2961,2942	CT,CT	140,127	73,67	64,60
16	81010073	81010073	C	T	2	0	2	0	2	0	2	0	0	0	0	0	0	0.143	0	0.143	0	1	0	1	0	0	0	0	0	0	29.5	28	0.46	0	0	nonsynonymous SNV	rs1127390	0.442	C16orf61	NA		2961,2942	CT,CT	31,28	17,15	14,13
16	81076821	81076821	T	C	2	0	2	0	2	0	2	0	0	0	0	0	0	0.143	0	0.143	0	1	0	1	0	0	0	0	0	0	17	11	0.58	0	0	nonsynonymous SNV	rs2278022	0.097	ATMIN	NA		2961,2942	TC,TC	23,11	11,4	12,7
16	88780175	88780175	G	A	2	0	2	0	2	0	2	0	0	0	0	0	0	0.143	0	0.143	0	1	0	1	0	0	0	0	0	0	12.5	11	0.64	0	0	nonsynonymous SNV	rs4782321	0.071	CTU2	NA		2961,2942	GA,GA	11,14	4,5	7,9
16	89724755	89724755	C	T	2	1	1	0	2	1	1	0	0	0	0	0	0	0.143	0.071	0.071	0	1	0.5	0.5	0	0	0	0	0	0	11.5	11	0.73	0	0	nonsynonymous SNV	rs13329897	0.008	C16orf55	NA		2961,2942	TT,CT	12,11	2,4	10,7
17	11650958	11650958	G	A	2	0	2	0	2	0	2	0	0	0	0	0	0	0.143	0	0.143	0	1	0	1	0	0	0	0	0	0	73	71	0.36	0	0	nonsynonymous SNV	rs61743635	0.067	DNAH9	NA		2961,2942	GA,GA	71,75	44,47	27,24
17	15905287	15905287	G	A	2	0	2	0	2	0	2	0	0	0	0	0	0	0.143	0	0.143	0	1	0	1	0	0	0	0	0	0	67.5	57	0.4	0	0	nonsynonymous SNV	unknown	unknown	TTC19	NA		2961,2942	GA,GA	78,57	54,29	24,28
17	16343026	16343026	C	T	2	0	2	0	2	0	2	0	0	0	0	0	0	0.143	0	0.143	0	1	0	1	0	0	0	0	0	0	80.5	79	0.45	0	0	ncRNA	rs72833950	0.025	NCRNA00188	NA		2961,2942	CT,CT	79,82	44,44	35,38
17	30211510	30211510	C	T	2	0	2	0	2	0	2	0	0	0	0	0	0	0.143	0	0.143	0	1	0	1	0	0	0	0	0	0	40.5	28	0.57	0	0	nonsynonymous SNV	unknown	unknown	UTP6	NA		2961,2942	CT,CT	53,28	20,13	33,14
18	29645930	29645930	A	T	2	0	2	0	2	0	2	0	0	0	0	0	0	0.143	0	0.143	0	1	0	1	0	0	0	0	0	0	126	120	0.32	0	0	nonsynonymous SNV	unknown	0.010	RNF125	NA		2961,2942	AT,AT	132,120	85,85	47,35
19	41916549	41916549	C	A	2	0	2	0	2	0	2	0	0	0	0	0	0	0.143	0	0.143	0	1	0	1	0	0	0	0	0	0	23	19	0.34	0	0	nonsynonymous SNV	rs34589432	0.039	BCKDHA	NA		2961,2942	CA,CA	27,19	17,13	10,6
19	49994372	49994372	C	T	2	0	2	0	2	0	2	0	0	0	0	0	0	0.143	0	0.143	0	1	0	1	0	0	0	0	0	0	14.5	12	0.51	0	0	ncRNA	unknown	0.005	RPL13AP5	NA		2961,2942	CT,CT	17,12	11,4	6,8
19	53015384	53015384	A	G	2	2	0	0	2	2	0	0	0	0	0	0	0	0.143	0.143	0	0	1	1	0	0	0	0	0	0	0	12.5	6	0.67	0	0	nonsynonymous SNV	rs4802965	0.319	ZNF578	NA		2961,2942	GG,GG	19,6	5,2	14,3
19	56569629	56569629	C	G	2	0	2	0	2	0	2	0	0	0	0	0	0	0.143	0	0.143	0	1	0	1	0	0	0	0	0	0	105	102	0.41	0	0	nonsynonymous SNV	rs12462795	0.148	NLRP5	NA		2961,2942	CG,CG	108,102	59,65	49,36
19	57326721	57326721	C	T	2	0	2	0	2	0	2	0	0	0	0	0	0	0.143	0	0.143	0	1	0	1	0	0	0	0	0	0	74	73	0.45	0	0	nonsynonymous SNV	rs36044899	0.011	PEG3	NA		2961,2942	CT,CT	75,73	36,45	39,28
19	57840547	57840547	A	G	2	1	1	0	2	1	1	0	0	0	0	0	0	0.143	0.071	0.071	0	1	0.5	0.5	0	0	0	0	0	0	24	20	0.67	0	0	nonsynonymous SNV	rs10410649	0.216	ZNF543	NA		2961,2942	GG,AG	28,20	8,7	19,12
20	33587198	33587198	G	C	2	1	1	0	2	1	1	0	0	0	0	0	0	0.143	0.071	0.071	0	1	0.5	0.5	0	0	0	0	0	0	4.5	4	0.58	0	0	nonsynonymous SNV	rs3746435	0.181	MYH7B	NA		2961,2942	CC,GC	4,5	1,3	3,2
21	47918662	47918662	C	G	2	0	2	0	2	0	2	0	0	0	0	0	0	0.143	0	0.143	0	1	0	1	0	0	0	0	0	0	11.5	7	0.5	0	0	nonsynonymous SNV	rs7283507	0.029	DIP2A	NA		2961,2942	CG,CG	7,16	3,9	4,7
X	1531838	1531838	A	G	2	0	2	0	2	0	2	0	0	0	0	0	0	0.143	0	0.143	0	1	0	1	0	0	0	0	0	0	11	11	0.73	0	0	ncRNA	rs5949005	0.42130	ASMTL-AS1	NA		2961,2942	AG,AG	11,11	4,2	7,9
X	14862794	14862794	C	T	2	1	1	0	2	1	1	0	0	0	0	0	0	0.143	0.071	0.071	0	1	0.5	0.5	0	0	0	0	0	0	31.5	22	0.68	0	0	nonsynonymous SNV	unknown	0.0172	FANCB	NA		2961,2942	CT,TT	41,22	19,4	22,18
X	18631362	18631362	A	G	2	1	1	0	2	1	1	0	0	0	0	0	0	0.143	0.071	0.071	0	1	0.5	0.5	0	0	0	0	0	0	80	40	0.7	0	0	nonsynonymous SNV	unknown	unknown	CDKL5	NA		2961,2942	AG,GG	120,40	72,0	47,40
X	49086688	49086688	C	T	2	1	1	0	2	1	1	0	0	0	0	0	0	0.143	0.071	0.071	0	1	0.5	0.5	0	0	0	0	0	0	17.5	16	0.59	0	0	nonsynonymous SNV	unknown	unknown	CACNA1F	NA		2961,2942	CT,TT	19,16	11,4	8,12
X	135741443	135741443	G	A	2	1	1	0	2	1	1	0	0	0	0	0	0	0.143	0.071	0.071	0	1	0.5	0.5	0	0	0	0	0	0	86	58	0.69	0	0	nonsynonymous SNV	unknown	0.0177	CD40LG	NA		2961,2942	GA,AA	114,58	64,3	50,55
