chr	start	end	ref	alt	n_fm	n_ho_fm	n_he_fm	n_ig2p_fm	n_ca	n_ho_ca	n_he_ca	n_ig2p_ca	n_h	n_ho_h	n_he_h	n_ig2p_h	n_son2parent_ig	p_fm	p_ho_fm	p_he_fm	p_ig2p_fm	p_ca	p_ho_ca	p_he_ca	p_ig2p_ca	p_h	p_ho_h	p_he_h	p_ig2p_h	p_son2parent_ig	mean_cov	min_cov	mean_af	n_below_af	p_below_af	c_type	dbSNP_id	X1000genomes_id	gene	miRNA_region	miRNA_id	s_ids	s_alleles	s_coverages	s_ref_count	s_alt_count
2	38525660	38525660	C	G	3	0	3	0	3	0	3	0	0	0	0	0	0	0.167	0	0.167	0	1	0	1	0	0	0	0	0	0	47	30	0.41	0	0	nonsynonymous SNV	rs7582826	0.067	ATL2	NA		1542,1544,1546	CG,CG,CG	30,62,49	17,32,34	13,30,15
4	155158284	155158284	A	C	3	0	3	0	3	0	3	0	0	0	0	0	0	0.167	0	0.167	0	1	0	1	0	0	0	0	0	0	49.67	37	0.42	0	0	stopgain SNV	unknown	unknown	DCHS2	NA		1542,1544,1546	AC,AC,AC	37,62,50	19,38,30	18,24,20
6	24175021	24175021	T	A	3	0	3	0	3	0	3	0	0	0	0	0	0	0.167	0	0.167	0	1	0	1	0	0	0	0	0	0	149.67	133	0.4	0	0	nonsynonymous SNV	rs9460973	0.141	DCDC2	NA		1542,1544,1546	TA,TA,TA	133,181,135	84,109,76	49,72,59
6	119228676	119228676	A	G	3	0	3	0	3	0	3	0	0	0	0	0	0	0.167	0	0.167	0	1	0	1	0	0	0	0	0	0	66.67	38	0.45	0	0	nonsynonymous SNV	unknown	unknown	ASF1A	NA		1542,1544,1546	AG,AG,AG	38,80,82	23,38,45	15,40,35
7	89856433	89856433	G	A	3	0	3	0	3	0	3	0	0	0	0	0	0	0.167	0	0.167	0	1	0	1	0	0	0	0	0	0	60	41	0.49	0	0	nonsynonymous SNV	rs13228098	0.007	STEAP2	NA		1542,1544,1546	GA,GA,GA	41,64,75	15,36,46	26,28,29
9	39103743	39103743	C	T	3	1	2	0	3	1	2	0	0	0	0	0	1	0.167	0.056	0.111	0	1	0.333	0.667	0	0	0	0	0	0.25	6.33	4	0.6	0	0	nonsynonymous SNV	rs7852039	0.179	CNTNAP3	NA		1542,1544,1546	CT,CT,TT	9,6,4	4,3,1	5,3,3
9	111625009	111625009	G	A	3	0	3	0	3	0	3	0	0	0	0	0	0	0.167	0	0.167	0	1	0	1	0	0	0	0	0	0	94.33	49	0.4	0	0	nonsynonymous SNV	rs35339416	unknown	ACTL7A	NA		1542,1544,1546	GA,GA,GA	49,121,113	34,66,64	15,53,49
11	74559228	74559228	C	T	3	0	3	0	3	0	3	0	0	0	0	0	0	0.167	0	0.167	0	1	0	1	0	0	0	0	0	0	83.67	35	0.5	0	0	nonsynonymous SNV	rs77341304	0.006	XRRA1	NA		1542,1544,1546	CT,CT,CT	35,98,118	17,45,65	17,53,53
11	119029041	119029041	C	T	3	0	3	0	3	0	3	0	0	0	0	0	0	0.167	0	0.167	0	1	0	1	0	0	0	0	0	0	23	9	0.46	0	0	nonsynonymous SNV	unknown	unknown	ABCG4;ABCG4	NA		1542,1544,1546	CT,CT,CT	9,30,30	4,18,17	5,11,13
12	4460520	4460520	C	T	3	0	3	0	3	0	3	0	0	0	0	0	0	0.167	0	0.167	0	1	0	1	0	0	0	0	0	0	41.67	29	0.47	0	0	nonsynonymous SNV	unknown	0.001	C12orf5	NA		1542,1544,1546	CT,CT,CT	29,50,46	15,23,28	14,27,18
12	101761753	101761753	A	G	3	0	3	0	3	0	3	0	0	0	0	0	0	0.167	0	0.167	0	1	0	1	0	0	0	0	0	0	107	67	0.38	0	0	nonsynonymous SNV	unknown	0.004	UTP20;UTP20	NA		1542,1544,1546	AG,AG,AG	67,125,129	44,71,81	23,53,48
12	124496864	124496864	T	G	3	0	3	0	3	0	3	0	0	0	0	0	0	0.167	0	0.167	0	1	0	1	0	0	0	0	0	0	51	46	0.42	0	0	nonsynonymous SNV	rs80197353	0.050	ZNF664	NA		1542,1544,1546	TG,TG,TG	54,46,53	30,22,35	23,23,17
14	23344848	23344848	C	T	3	1	2	0	3	1	2	0	0	0	0	0	0	0.167	0.056	0.111	0	1	0.333	0.667	0	0	0	0	0	0	16	6	0.53	0	0	nonsynonymous SNV	rs35043211	0.010	LRP10	NA		1542,1544,1546	TT,CT,CT	6,18,24	2,11,11	4,7,13
15	65782596	65782596	C	A	3	0	3	0	3	0	3	0	0	0	0	0	0	0.167	0	0.167	0	1	0	1	0	0	0	0	0	0	35.67	33	0.4	0	0	nonsynonymous SNV	unknown	unknown	DPP8	NA		1542,1544,1546	CA,CA,CA	38,36,33	20,22,22	18,14,11
15	69329390	69329390	C	T	3	0	3	0	3	0	3	0	0	0	0	0	0	0.167	0	0.167	0	1	0	1	0	0	0	0	0	0	58.33	41	0.51	0	0	nonsynonymous SNV	unknown	unknown	NOX5	NA		1542,1544,1546	CT,CT,CT	41,67,67	18,37,33	23,30,34
17	34871721	34871721	T	C	3	1	2	0	3	1	2	0	0	0	0	0	0	0.167	0.056	0.111	0	1	0.333	0.667	0	0	0	0	0	0	46.33	15	0.5	0	0	nonsynonymous SNV	rs2306595	0.063	MYO19	NA		1542,1544,1546	CC,TC,TC	15,68,56	3,43,37	12,25,19
17	34893326	34893326	A	G	3	1	2	0	3	1	2	0	0	0	0	0	0	0.167	0.056	0.111	0	1	0.333	0.667	0	0	0	0	0	0	101	99	0.56	0	0	nonsynonymous SNV	rs72818370	0.060	PIGW	NA		1542,1544,1546	GG,AG,AG	99,105,99	8,65,59	90,39,39
18	44184084	44184084	C	T	3	0	3	0	3	0	3	0	0	0	0	0	0	0.167	0	0.167	0	1	0	1	0	0	0	0	0	0	59	54	0.38	0	0	nonsynonymous SNV	unknown	unknown	LOXHD1	NA		1542,1544,1546	CT,CT,CT	54,54,69	38,28,43	16,26,26
