chr	start	end	ref	alt	n_fm	n_ho_fm	n_he_fm	n_ig2p_fm	n_ca	n_ho_ca	n_he_ca	n_ig2p_ca	n_h	n_ho_h	n_he_h	n_ig2p_h	n_son2parent_ig	p_fm	p_ho_fm	p_he_fm	p_ig2p_fm	p_ca	p_ho_ca	p_he_ca	p_ig2p_ca	p_h	p_ho_h	p_he_h	p_ig2p_h	p_son2parent_ig	mean_cov	min_cov	mean_af	n_below_af	p_below_af	c_type	dbSNP_id	X1000genomes_id	gene	miRNA_region	miRNA_id	s_ids	s_alleles	s_coverages	s_ref_count	s_alt_count
1	62732421	62732421	T	C	14	3	11	22	10	3	7	22	4	0	4	0	0	0.215	0.046	0.169	0.338	0.4	0.12	0.28	0.88	0.1	0	0.1	0	0	48.64	28	0.55	0	0	nonsynonymous SNV	unknown	0.320	KANK4	NA		100001,100004,100005,100010,100015,100020,100021,100022,100023,100025,17,63,65,66	TC,TC,TC,TC,TC,TC,CC,CC,CC,TC,TC,TC,TC,TC	55,88,57,28,40,43,42,32,45,42,55,37,59,58	37,51,24,17,23,19,3,3,2,26,30,22,31,30	18,37,33,11,16,24,39,29,43,16,25,15,28,27
1	156907115	156907115	T	C	11	3	8	22	7	3	4	22	4	0	4	0	0	0.169	0.046	0.123	0.338	0.28	0.12	0.16	0.88	0.1	0	0.1	0	0	13	5	0.51	0	0	nonsynonymous SNV	unknown	0.314	ARHGEF11	NA		100001,100006,100009,100010,100017,100019,100023,17,22,25,63	CC,TC,TC,TC,CC,TC,CC,TC,TC,TC,TC	10,10,20,17,11,22,5,15,13,9,11	0,6,14,9,6,14,1,10,8,3,6	10,4,6,8,5,8,4,5,5,6,5
1	177247854	177247854	C	G	13	4	9	21	7	4	3	21	6	0	6	0	0	0.2	0.062	0.138	0.323	0.28	0.16	0.12	0.84	0.15	0	0.15	0	0	14.31	5	0.57	0	0	nonsynonymous SNV	unknown	0.270	FAM5B	NA		100001,100003,100004,100005,100007,100011,100014,17,22,23,25,57,6	CG,GG,GG,GG,GG,CG,CG,CG,CG,CG,CG,CG,CG	26,17,17,14,5,10,19,18,12,15,9,16,8	16,2,3,3,2,6,10,11,5,7,5,9,3	10,15,14,11,3,4,9,7,7,8,4,7,5
1	223954080	223954080	A	C	22	3	19	22	12	3	9	22	10	0	10	0	0	0.338	0.046	0.292	0.338	0.48	0.12	0.36	0.88	0.25	0	0.25	0	0	53.05	26	0.48	0	0	nonsynonymous SNV	unknown	0.196	CAPN2	NA		100001,100003,100005,100006,100007,100012,100013,100015,100018,100021,100022,100025,20,34,40,41,42,57,58,59,64,7	CC,CC,AC,AC,AC,AC,AC,AC,AC,AC,AC,CC,AC,AC,AC,AC,AC,AC,AC,AC,AC,AC	44,43,48,35,66,57,42,52,53,64,26,48,59,43,85,62,65,61,52,62,50,50	8,3,22,18,33,37,22,33,31,39,11,2,41,23,56,35,40,39,35,36,33,23	35,39,26,17,32,17,20,18,22,23,14,45,18,20,29,27,23,22,15,26,17,27
1	225607144	225607144	C	T	3	3	0	22	3	3	0	22	0	0	0	0	0	0.046	0.046	0	0.338	0.12	0.12	0	0.88	0	0	0	0	0	7	4	0.92	0	0	nonsynonymous SNV	unknown	0.760	LBR	NA		100001,100002,100003	TT,TT,TT	4,12,5	1,0,0	3,12,5
2	239155053	239155053	C	T	15	3	12	22	8	3	5	22	7	0	7	0	0	0.231	0.046	0.185	0.338	0.32	0.12	0.2	0.88	0.175	0	0.175	0	0	60.13	39	0.5	0	0	nonsynonymous SNV	unknown	0.166	PER2	NA		100001,100004,100005,100006,100008,100012,100013,100015,17,24,31,4,51,52,64	CT,TT,TT,TT,CT,CT,CT,CT,CT,CT,CT,CT,CT,CT,CT	65,83,39,43,64,70,82,60,63,60,44,45,53,72,59	37,16,2,2,37,43,43,32,35,36,27,27,36,48,42	28,67,37,41,27,27,39,28,28,24,17,18,17,24,17
5	179267949	179267949	T	C	11	8	3	17	9	8	1	17	2	0	2	0	0	0.169	0.123	0.046	0.262	0.36	0.32	0.04	0.68	0.05	0	0.05	0	0	7.27	3	0.7	0	0	nonsynonymous SNV	unknown	0.818	C5orf45	NA		100001,100002,100003,100008,100010,100012,100021,100023,100024,58,6	CC,CC,CC,CC,CC,CC,CC,CC,TC,TC,TC	12,5,8,8,7,11,3,3,8,10,5	2,2,3,0,2,0,1,1,5,6,1	10,3,5,8,5,11,2,2,3,4,4
6	33048628	33048628	A	C	9	3	6	22	8	3	5	22	1	0	1	0	0	0.138	0.046	0.092	0.338	0.32	0.12	0.2	0.88	0.025	0	0.025	0	0	9.11	4	0.62	0	0	nonsynonymous SNV	unknown	0.129	HLA-DPB1	NA		100001,100004,100007,100014,100015,100017,100019,100023,7	CC,CC,AC,AC,AC,AC,AC,CC,AC	12,4,10,11,10,15,10,4,6	0,0,6,5,7,11,4,0,3	12,4,4,6,3,4,6,4,3
6	112382313	112382313	G	T	24	3	21	22	10	3	7	22	14	0	14	0	0	0.369	0.046	0.323	0.338	0.4	0.12	0.28	0.88	0.35	0	0.35	0	0	71.29	26	0.5	0	0	nonsynonymous SNV	unknown	0.318	WISP3	NA		100001,100008,100009,100011,100012,100014,100015,100022,100024,100025,16,24,35,38,40,50,52,57,58,60,62,64,65,7	TT,GT,GT,GT,GT,GT,GT,GT,TT,TT,GT,GT,GT,GT,GT,GT,GT,GT,GT,GT,GT,GT,GT,GT	94,83,103,80,79,75,79,72,92,88,84,55,44,43,26,62,50,91,89,51,90,74,69,38	4,41,48,39,50,47,41,47,7,11,54,32,22,26,12,30,33,49,49,27,44,44,37,25	90,42,55,41,29,28,38,25,85,77,30,23,22,17,14,31,17,42,40,24,46,30,32,13
6	112457383	112457383	G	C	23	3	20	22	9	3	6	22	14	0	14	0	0	0.354	0.046	0.308	0.338	0.36	0.12	0.24	0.88	0.35	0	0.35	0	0	78.39	49	0.52	0	0	nonsynonymous SNV	unknown	0.224	LAMA4	NA		100001,100008,100009,100011,100012,100014,100015,100024,100025,16,24,31,35,38,40,50,57,58,60,62,64,65,7	CC,GC,GC,GC,GC,GC,GC,CC,CC,GC,GC,GC,GC,GC,GC,GC,GC,GC,GC,GC,GC,GC,GC	70,63,78,81,82,75,78,68,70,115,93,56,61,97,90,71,80,102,49,108,69,92,55	2,33,44,38,45,41,38,3,6,58,53,39,33,56,44,38,43,59,17,63,41,46,34	68,30,34,43,37,33,40,65,64,57,40,17,28,41,46,32,37,43,31,45,28,45,21
6	139197609	139197609	G	A	23	3	20	22	14	3	11	22	9	0	9	0	0	0.354	0.046	0.308	0.338	0.56	0.12	0.44	0.88	0.225	0	0.225	0	0	36.13	18	0.52	0	0	nonsynonymous SNV	unknown	0.243	ECT2L;ECT2L	NA		100001,100002,100003,100006,100009,100010,100011,100015,100018,100019,100020,100021,100023,100024,16,24,25,40,41,54,64,65,6	AA,GA,GA,GA,AA,GA,GA,GA,GA,GA,AA,GA,GA,GA,GA,GA,GA,GA,GA,GA,GA,GA,GA	26,24,36,36,18,49,35,32,32,27,27,36,34,39,36,55,50,47,45,41,42,30,34	4,12,20,26,1,29,3,17,21,17,4,13,22,19,19,32,33,23,25,20,27,14,14	22,11,16,10,17,20,32,15,10,10,23,23,12,20,17,23,17,24,20,21,15,16,20
8	145007187	145007187	G	A	5	3	2	22	4	3	1	22	1	0	1	0	0	0.077	0.046	0.031	0.338	0.16	0.12	0.04	0.88	0.025	0	0.025	0	0	5.2	3	0.86	0	0	nonsynonymous SNV	unknown	0.219	PLEC	NA		100001,100006,100007,100024,17	GA,AA,AA,AA,GA	7,6,3,6,4	2,0,0,1,1	5,6,3,5,3
9	139275294	139275294	G	C	10	4	6	21	7	4	3	21	3	0	3	0	0	0.154	0.062	0.092	0.323	0.28	0.16	0.12	0.84	0.075	0	0.075	0	0	9.7	6	0.64	0	0	nonsynonymous SNV	unknown	0.373	SNAPC4	NA		100001,100003,100005,100013,100015,100018,100025,17,30,32	GC,CC,GC,CC,CC,CC,GC,GC,GC,GC	17,6,14,10,10,8,10,9,6,7	7,1,6,1,4,2,3,5,3,3	10,5,8,9,6,5,7,4,3,4
10	49420008	49420008	T	C	14	3	11	22	8	3	5	22	6	0	6	0	0	0.215	0.046	0.169	0.338	0.32	0.12	0.2	0.88	0.15	0	0.15	0	0	36.21	20	0.5	0	0	nonsynonymous SNV	unknown	0.279	FRMPD2	NA		100001,100004,100008,100009,100013,100014,100019,100021,17,20,22,43,59,65	TC,CC,TC,CC,TC,CC,TC,TC,TC,TC,TC,TC,TC,TC	49,34,41,36,31,40,38,50,39,33,35,20,34,27	31,3,9,9,20,5,26,27,25,21,25,11,22,17	18,31,32,26,11,35,12,23,14,11,10,9,12,10
10	88768253	88768253	A	G	6	5	1	20	5	5	0	20	1	0	1	0	0	0.092	0.077	0.015	0.308	0.2	0.2	0	0.8	0.025	0	0.025	0	0	5.17	2	0.81	0	0	nonsynonymous SNV	unknown	0.791	AGAP11	NA		100001,100010,100020,100021,100024,31	GG,GG,GG,GG,GG,AG	2,7,4,6,7,5	0,0,1,2,1,2	2,7,3,4,6,3
10	133761285	133761285	G	A	16	3	13	22	10	3	7	22	6	0	6	0	0	0.246	0.046	0.2	0.338	0.4	0.12	0.28	0.88	0.15	0	0.15	0	0	29.25	18	0.53	0	0	nonsynonymous SNV	unknown	0.146	PPP2R2D	NA		100001,100002,100006,100007,100010,100015,100016,100018,100023,100025,17,32,34,52,58,62	GA,GA,GA,GA,GA,AA,GA,AA,AA,GA,GA,GA,GA,GA,GA,GA	26,29,28,39,31,30,31,29,36,32,27,30,18,26,28,28	12,18,18,23,18,3,22,3,3,23,11,15,8,14,9,17	14,10,10,16,13,27,9,26,33,9,16,15,10,12,19,11
11	6790028	6790028	C	G	21	3	18	22	11	3	8	22	10	0	10	0	0	0.323	0.046	0.277	0.338	0.44	0.12	0.32	0.88	0.25	0	0.25	0	0	33.57	14	0.69	0	0	nonsynonymous SNV	unknown	0.246	OR2AG2	NA		100001,100002,100003,100004,100005,100006,100009,100015,100017,100022,100025,17,22,25,30,32,51,54,57,65,7	CG,GG,CG,CG,CG,GG,CG,CG,CG,CG,GG,CG,CG,CG,CG,CG,CG,CG,CG,CG,CG	35,51,35,26,33,53,40,43,47,25,51,19,34,32,26,24,14,39,34,17,27	10,6,11,10,11,2,9,13,14,12,3,4,10,11,13,7,9,18,14,3,9	25,45,24,16,21,51,31,30,33,13,48,15,24,21,13,17,5,21,20,14,17
11	60706864	60706864	G	A	4	4	0	21	4	4	0	21	0	0	0	0	0	0.062	0.062	0	0.323	0.16	0.16	0	0.84	0	0	0	0	0	4.75	2	0.92	0	0	ncRNA	unknown	0.434	SLC15A3	NA		100001,100012,100017,100023	AA,AA,AA,AA	5,2,9,3	1,0,1,0	4,2,8,3
12	96288860	96288860	T	C	22	3	19	22	12	3	9	22	10	0	10	0	0	0.338	0.046	0.292	0.338	0.48	0.12	0.36	0.88	0.25	0	0.25	0	0	100.05	28	0.54	0	0	nonsynonymous SNV	unknown	0.239	CCDC38	NA		100001,100004,100005,100007,100008,100013,100016,100017,100019,100020,100022,100023,20,23,25,31,4,52,57,59,6,8	TC,TC,TC,TC,TC,CC,TC,CC,TC,CC,TC,TC,TC,TC,TC,TC,TC,TC,TC,TC,TC,TC	77,139,109,72,71,64,100,96,72,58,28,65,153,163,198,81,34,128,147,136,102,108	43,67,62,37,48,4,45,11,41,3,10,35,80,93,117,47,15,36,90,64,57,63	33,72,47,35,23,60,55,85,31,55,18,30,71,70,81,33,19,92,57,72,45,45
12	122689181	122689181	C	G	12	3	9	22	9	3	6	22	3	0	3	0	0	0.185	0.046	0.138	0.338	0.36	0.12	0.24	0.88	0.075	0	0.075	0	0	31.17	9	0.53	0	0	nonsynonymous SNV	unknown	0.409	B3GNT4	NA		100001,100002,100007,100009,100013,100015,100017,100021,100024,42,57,59	GG,CG,GG,GG,CG,CG,CG,CG,CG,CG,CG,CG	27,31,14,29,35,33,28,26,54,9,55,33	0,16,2,1,22,23,19,16,33,4,34,22	27,15,12,28,13,10,9,10,21,5,21,11
12	133384864	133384864	G	A	23	3	20	22	9	3	6	22	14	0	14	0	0	0.354	0.046	0.308	0.338	0.36	0.12	0.24	0.88	0.35	0	0.35	0	0	83.91	55	0.47	0	0	nonsynonymous SNV	unknown	0.156	GOLGA3	NA		100001,100006,100008,100009,100010,100011,100015,100022,100025,16,22,24,31,32,38,41,4,50,54,58,59,5,6	GA,GA,GA,GA,GA,AA,AA,AA,GA,GA,GA,GA,GA,GA,GA,GA,GA,GA,GA,GA,GA,GA,GA	80,77,77,86,82,85,89,73,95,99,91,91,75,87,63,55,88,95,83,101,76,93,89	45,41,43,48,44,6,20,23,59,54,52,53,56,47,29,27,65,57,50,55,39,53,53	35,36,34,38,38,79,68,49,36,45,39,38,19,40,34,28,23,38,33,46,37,40,36
14	58737766	58737766	A	T	6	4	2	21	5	4	1	21	1	0	1	0	0	0.092	0.062	0.031	0.323	0.2	0.16	0.04	0.84	0.025	0	0.025	0	0	9.5	6	0.83	0	0	ncRNA	unknown	0.671	FLJ31306	NA		100001,100007,100011,100013,100016,46	AT,TT,TT,TT,TT,AT	11,8,12,6,11,9	7,0,0,1,1,1	4,8,12,5,10,8
14	96135857	96135857	C	T	8	3	5	22	7	3	4	22	1	0	1	0	0	0.123	0.046	0.077	0.338	0.28	0.12	0.16	0.88	0.025	0	0.025	0	0	8.88	7	0.72	0	0	ncRNA	unknown	0.361	TCL6	NA		100001,100005,100009,100011,100014,100019,100024,24	CT,TT,TT,CT,CT,TT,CT,CT	12,10,9,7,9,8,8,8	5,1,0,2,5,1,4,2	7,9,9,5,4,7,4,6
15	83680287	83680287	A	G	8	5	3	20	5	5	0	20	3	0	3	0	0	0.123	0.077	0.046	0.308	0.2	0.2	0	0.8	0.075	0	0.075	0	0	14.5	4	0.65	0	0	nonsynonymous SNV	unknown	0.650	C15orf40	NA		100001,100005,100008,100010,100013,25,57,58	GG,GG,GG,GG,GG,AG,AG,AG	9,15,26,6,4,18,17,21	3,5,1,2,1,11,5,13	6,9,25,4,3,7,12,8
16	31580272	31580272	C	T	6	5	1	20	6	5	1	20	0	0	0	0	0	0.092	0.077	0.015	0.308	0.24	0.2	0.04	0.8	0	0	0	0	0	8.17	6	0.68	0	0	ncRNA	unknown	0.303	CSDAP1	NA		100001,100008,100012,100013,100014,100025	CT,TT,TT,TT,TT,TT	6,14,9,8,6,6	3,5,2,1,2,2	3,8,7,7,4,4
16	53358439	53358439	A	G	10	4	6	21	8	4	4	21	2	0	2	0	0	0.154	0.062	0.092	0.323	0.32	0.16	0.16	0.84	0.05	0	0.05	0	0	19.3	12	0.65	0	0	nonsynonymous SNV	unknown	0.220	CHD9	NA		100001,100005,100008,100009,100013,100017,100019,100023,62,6	AG,AG,AG,AG,GG,GG,GG,GG,AG,AG	16,12,18,14,17,17,21,20,37,21	9,6,10,9,3,2,1,1,15,10	7,6,8,5,14,15,20,19,21,11
16	84209864	84209864	G	C	9	4	5	21	5	4	1	21	4	0	4	0	0	0.138	0.062	0.077	0.323	0.2	0.16	0.04	0.84	0.1	0	0.1	0	0	7.44	2	0.68	0	0	nonsynonymous SNV	unknown	0.275	LRRC50	NA		100001,100014,100020,100022,100023,17,24,62,6	CC,CC,CC,GC,CC,GC,GC,GC,GC	11,6,2,6,5,6,12,10,9	1,1,0,2,1,3,8,4,5	10,5,2,4,4,3,4,6,4
17	39579112	39579112	G	A	10	3	7	22	5	3	2	22	5	0	5	0	0	0.154	0.046	0.108	0.338	0.2	0.12	0.08	0.88	0.125	0	0.125	0	0	7.3	3	0.7	0	0	nonsynonymous SNV	unknown	0.155	KRT37	NA		100001,100002,100011,100018,100020,16,23,24,25,56	AA,AA,AA,GA,GA,GA,GA,GA,GA,GA	14,5,4,9,9,4,8,6,11,3	1,1,0,3,3,1,3,3,7,1	13,4,4,6,6,3,5,3,4,2
17	80352303	80352303	G	A	30	5	25	20	14	5	9	20	16	0	16	0	0	0.462	0.077	0.385	0.308	0.56	0.2	0.36	0.8	0.4	0	0.4	0	0	23.17	8	0.61	0	0	nonsynonymous SNV	unknown	0.179	C17orf101	NA		100001,100007,100009,100011,100013,100015,100016,100017,100018,100019,100020,100021,100022,100024,17,24,30,32,40,46,54,58,59,5,60,62,63,66,6,7	AA,GA,AA,GA,GA,GA,AA,AA,GA,AA,GA,GA,GA,GA,GA,GA,GA,GA,GA,GA,GA,GA,GA,GA,GA,GA,GA,GA,GA,GA	35,21,22,28,29,19,23,45,24,23,12,20,24,33,35,31,14,9,11,14,23,29,22,18,23,24,16,31,29,8	3,10,1,12,12,10,1,6,12,2,5,10,11,14,15,13,6,5,5,6,11,11,8,11,11,9,7,12,15,3	32,11,21,16,16,9,22,39,12,21,7,10,13,19,20,18,8,4,5,8,12,18,14,7,12,15,9,19,14,5
17	80367206	80367206	G	A	14	3	11	22	10	3	7	22	4	0	4	0	0	0.215	0.046	0.169	0.338	0.4	0.12	0.28	0.88	0.1	0	0.1	0	0	16.21	9	0.58	0	0	ncRNA	unknown	0.129	C17orf101	NA		100001,100009,100011,100013,100015,100017,100018,100020,100021,100024,60,62,66,6	AA,AA,GA,GA,GA,AA,GA,GA,GA,GA,GA,GA,GA,GA	9,9,21,14,16,9,26,18,16,16,9,33,18,13	0,0,15,4,7,1,12,9,11,9,3,21,13,6	9,9,6,10,9,8,14,9,5,7,6,12,5,7
18	109184	109184	G	T	5	3	2	22	4	3	1	22	1	0	1	0	0	0.077	0.046	0.031	0.338	0.16	0.12	0.04	0.88	0.025	0	0.025	0	0	6.4	2	0.8	0	0	ncRNA	unknown	unknown	ROCK1P1	NA		100001,100011,100020,100024,46	TT,TT,GT,TT,GT	2,4,6,2,18	0,0,3,0,9	2,4,3,2,9
19	8808942	8808942	A	G	5	3	2	22	3	3	0	22	2	0	2	0	0	0.077	0.046	0.031	0.338	0.12	0.12	0	0.88	0.05	0	0.05	0	0	6.4	3	0.67	0	0	nonsynonymous SNV	unknown	0.772	ACTL9	NA		100001,100004,100007,24,5	GG,GG,GG,AG,AG	10,3,3,8,8	2,1,0,5,4	8,2,3,3,4
19	53100377	53100377	G	A	14	3	11	22	7	3	4	22	7	0	7	0	0	0.215	0.046	0.169	0.338	0.28	0.12	0.16	0.88	0.175	0	0.175	0	0	16.21	8	0.55	0	0	ncRNA	unknown	0.166	ZNF137P	NA		100001,100007,100008,100012,100014,100015,100021,32,38,50,54,56,64,8	AA,GA,AA,AA,GA,GA,GA,GA,GA,GA,GA,GA,GA,GA	11,14,8,13,14,20,20,14,24,26,16,18,16,13	1,9,0,0,5,13,14,9,11,17,11,7,10,5	10,5,8,13,9,7,6,5,13,9,5,11,6,8
19	54973280	54973280	C	G	10	6	4	19	9	6	3	19	1	0	1	0	0	0.154	0.092	0.062	0.292	0.36	0.24	0.12	0.76	0.025	0	0.025	0	0	5.3	2	0.75	0	0	nonsynonymous SNV	unknown	0.590	LENG9	NA		100001,100003,100004,100009,100010,100011,100014,100015,100022,6	GG,GG,GG,GG,CG,GG,CG,CG,GG,CG	5,5,2,5,7,6,7,7,3,6	0,2,0,1,3,0,3,5,0,2	5,3,2,4,4,6,4,2,3,4
20	60908969	60908969	T	C	6	5	1	20	6	5	1	20	0	0	0	0	0	0.092	0.077	0.015	0.308	0.24	0.2	0.04	0.8	0	0	0	0	0	9.83	5	0.73	0	0	nonsynonymous SNV	unknown	0.688	LAMA5	NA		100001,100005,100008,100010,100012,100013	CC,CC,CC,CC,TC,CC	14,7,15,9,9,5	2,1,5,3,2,2	12,5,10,6,7,3
21	43510437	43510437	A	C	20	3	17	22	9	3	6	22	11	0	11	0	0	0.308	0.046	0.262	0.338	0.36	0.12	0.24	0.88	0.275	0	0.275	0	0	120.2	28	0.47	0	0	nonsynonymous SNV	unknown	0.209	UMODL1	NA		100001,100002,100004,100005,100011,100013,100014,100017,100025,16,17,40,52,54,58,5,62,65,6,8	AC,AC,CC,AC,AC,CC,AC,CC,AC,AC,AC,AC,AC,AC,AC,AC,AC,AC,AC,AC	143,156,104,139,144,159,127,142,120,105,151,28,105,126,127,98,109,126,124,71	81,100,14,88,70,11,77,21,74,67,83,18,68,78,72,57,62,78,70,44	60,56,90,50,73,76,50,119,45,37,66,10,37,45,52,41,45,48,52,27
21	46583539	46583539	A	C	3	3	0	22	3	3	0	22	0	0	0	0	0	0.046	0.046	0	0.338	0.12	0.12	0	0.88	0	0	0	0	0	4.33	2	0.93	0	0	ncRNA	unknown	0.980	ADARB1	NA		100001,100013,100020	CC,CC,CC	2,6,5	0,0,1	2,6,4
22	21330266	21330266	T	C	5	5	0	20	5	5	0	20	0	0	0	0	0	0.077	0.077	0	0.308	0.2	0.2	0	0.8	0	0	0	0	0	3	2	1	0	0	ncRNA	unknown	0.687	AIFM3	NA		100001,100006,100011,100015,100017	CC,CC,CC,CC,CC	4,3,2,4,2	0,0,0,0,0	4,3,2,4,2
22	24037306	24037306	T	G	4	3	1	22	4	3	1	22	0	0	0	0	0	0.062	0.046	0.015	0.338	0.16	0.12	0.04	0.88	0	0	0	0	0	17.5	14	0.87	0	0	ncRNA	unknown	0.097	LOC91316	NA		100001,100010,100020,100025	GG,TG,GG,GG	14,14,21,21	1,5,1,1	13,9,20,19
22	39498038	39498038	G	C	11	4	7	21	9	4	5	21	2	0	2	0	0	0.169	0.062	0.108	0.323	0.36	0.16	0.2	0.84	0.05	0	0.05	0	0	19.18	10	0.63	0	0	nonsynonymous SNV	unknown	0.519	APOBEC3H	NA		100001,100006,100010,100013,100015,100017,100018,100019,100024,16,63	GC,GC,GC,CC,GC,CC,CC,CC,GC,GC,GC	18,19,22,20,19,18,15,33,19,18,10	10,9,14,1,10,2,1,3,10,9,5	8,10,8,19,9,16,14,30,9,9,5
1	201177538	201177538	G	T	12	3	9	22	6	3	3	22	6	0	6	0	0	0.185	0.046	0.138	0.338	0.24	0.12	0.12	0.88	0.15	0	0.15	0	0	10.58	4	0.65	0	0	nonsynonymous SNV	unknown	0.276	IGFN1	NA		100002,100003,100004,100007,100012,100015,16,33,57,63,64,6	GT,GT,TT,TT,GT,TT,GT,GT,GT,GT,GT,GT	17,14,4,9,13,8,14,15,13,9,4,7	9,8,0,2,1,3,4,5,6,4,2,3	8,6,4,7,12,5,10,10,7,5,2,4
2	32961858	32961858	A	G	16	3	13	22	8	3	5	22	8	0	8	0	0	0.246	0.046	0.2	0.338	0.32	0.12	0.2	0.88	0.2	0	0.2	0	0	136.94	106	0.55	0	0	nonsynonymous SNV	unknown	0.140	TTC27	NA		100002,100004,100005,100006,100012,100013,100017,100023,17,30,32,34,35,38,57,64	GG,AG,GG,AG,AG,GG,AG,AG,AG,AG,AG,AG,AG,AG,AG,AG	126,175,112,137,128,135,179,135,137,117,211,106,113,123,150,107	10,104,8,64,59,4,101,70,65,67,125,70,61,66,92,50	116,71,103,73,69,131,78,65,71,50,86,36,51,57,58,57
2	71163173	71163173	C	T	20	4	16	21	10	4	6	21	10	0	10	0	0	0.308	0.062	0.246	0.323	0.4	0.16	0.24	0.84	0.25	0	0.25	0	0	31.3	7	0.53	0	0	nonsynonymous SNV	unknown	0.138	ATP6V1B1	NA		100002,100005,100009,100014,100017,100018,100019,100020,100021,100025,23,31,32,33,41,46,57,59,63,8	CT,CT,TT,CT,TT,TT,TT,CT,CT,CT,CT,CT,CT,CT,CT,CT,CT,CT,CT,CT	56,32,55,36,48,31,41,36,41,30,43,13,19,28,7,12,26,26,21,25	33,20,11,17,3,8,3,23,21,19,26,6,10,14,4,7,13,14,11,15	23,12,44,19,45,23,38,13,20,11,17,7,9,14,3,5,13,12,10,10
2	84518438	84518438	T	C	3	3	0	22	3	3	0	22	0	0	0	0	0	0.046	0.046	0	0.338	0.12	0.12	0	0.88	0	0	0	0	0	6.33	5	0.55	0	0	ncRNA	unknown	0.657	FUNDC2P2	NA		100002,100011,100021	CC,CC,CC	8,6,5	5,2,2	3,4,3
2	112187008	112187008	G	A	9	3	6	22	7	3	4	22	2	0	2	0	0	0.138	0.046	0.092	0.338	0.28	0.12	0.16	0.88	0.05	0	0.05	0	0	7.33	2	0.68	0	0	ncRNA	unknown	0.024	LOC541471	NA		100002,100003,100004,100005,100013,100019,100025,31,33	GA,GA,AA,AA,AA,GA,GA,GA,GA	10,14,4,7,2,5,12,6,6	6,6,0,2,0,3,6,1,2	4,8,4,5,2,2,6,5,4
2	133541107	133541107	T	A	28	3	25	22	15	3	12	22	13	0	13	0	0	0.431	0.046	0.385	0.338	0.6	0.12	0.48	0.88	0.325	0	0.325	0	0	122.68	64	0.48	0	0	nonsynonymous SNV	unknown	0.176	NCKAP5	NA		100002,100004,100005,100006,100007,100009,100011,100012,100013,100015,100016,100019,100021,100022,100024,16,20,22,23,35,38,43,52,54,56,59,6,7	TA,TA,TA,AA,TA,TA,TA,AA,TA,TA,AA,TA,TA,TA,TA,TA,TA,TA,TA,TA,TA,TA,TA,TA,TA,TA,TA,TA	148,158,131,113,180,135,153,124,148,136,133,125,145,64,135,107,88,119,161,90,107,65,89,124,119,127,137,74	86,90,74,11,119,71,97,10,74,78,14,63,82,41,72,59,49,71,103,43,60,38,50,79,63,73,86,48	62,68,57,102,61,64,56,114,74,58,119,62,63,23,63,48,39,47,58,47,47,27,39,45,55,54,51,26
2	202006096	202006096	G	A	24	3	21	22	10	3	7	22	14	0	14	0	0	0.369	0.046	0.323	0.338	0.4	0.12	0.28	0.88	0.35	0	0.35	0	0	42.67	17	0.42	0	0	splicing	unknown	0.227	CFLAR	NA		100002,100005,100008,100011,100015,100017,100018,100019,100020,100023,17,25,32,34,38,40,41,56,58,5,62,63,6,7	AA,GA,GA,AA,GA,GA,GA,GA,GA,AA,GA,GA,GA,GA,GA,GA,GA,GA,GA,GA,GA,GA,GA,GA	46,40,28,26,48,58,29,32,40,17,43,56,66,39,34,101,50,49,45,39,42,35,31,30	2,24,18,0,35,32,19,23,26,1,32,35,44,27,23,67,32,31,31,26,30,22,20,18	42,16,10,26,12,26,10,9,13,16,11,21,21,12,11,33,18,18,14,13,12,13,11,11
3	193334991	193334991	G	A	18	3	15	22	7	3	4	22	11	0	11	0	0	0.277	0.046	0.231	0.338	0.28	0.12	0.16	0.88	0.275	0	0.275	0	0	23.72	9	0.56	0	0	nonsynonymous SNV	unknown	0.447	OPA1	NA		100002,100003,100007,100012,100014,100021,100025,16,17,22,25,41,43,54,59,5,62,65	AA,GA,AA,GA,AA,GA,GA,GA,GA,GA,GA,GA,GA,GA,GA,GA,GA,GA	28,30,24,14,15,33,15,29,9,31,25,25,16,28,29,31,23,22	4,17,3,4,0,16,6,15,4,18,12,19,5,15,17,16,13,11	24,12,20,10,15,15,9,14,5,11,12,6,10,12,12,15,10,11
5	178459283	178459283	A	G	18	3	15	22	9	3	6	22	9	0	9	0	0	0.277	0.046	0.231	0.338	0.36	0.12	0.24	0.88	0.225	0	0.225	0	0	21.22	10	0.56	0	0	nonsynonymous SNV	unknown	0.320	ZNF879	NA		100002,100004,100005,100007,100008,100010,100012,100018,100021,23,33,35,40,58,59,5,63,7	GG,GG,GG,AG,AG,AG,AG,AG,AG,AG,AG,AG,AG,AG,AG,AG,AG,AG	17,34,12,25,10,23,15,17,15,31,12,32,25,36,20,21,19,18	1,0,0,15,5,9,6,7,9,16,4,19,15,22,11,11,11,13	16,34,12,10,5,14,9,10,6,15,8,13,10,14,9,10,8,5
5	178459426	178459426	A	C	22	3	19	22	10	3	7	22	12	0	12	0	0	0.338	0.046	0.292	0.338	0.4	0.12	0.28	0.88	0.3	0	0.3	0	0	33.82	19	0.58	0	0	nonsynonymous SNV	unknown	0.334	ZNF879	NA		100002,100004,100005,100007,100008,100010,100012,100018,100021,100023,17,23,31,33,35,40,42,57,58,59,5,63	CC,CC,CC,AC,AC,AC,AC,AC,AC,AC,AC,AC,AC,AC,AC,AC,AC,AC,AC,AC,AC,AC	19,51,30,31,19,27,28,22,30,35,49,39,29,36,30,40,32,47,30,47,40,33	1,4,5,11,11,13,9,9,11,18,24,19,20,19,19,15,12,24,9,22,20,18	18,47,25,20,8,14,19,13,19,17,24,20,9,17,10,25,20,23,21,25,20,15
6	46827239	46827239	C	T	3	3	0	22	3	3	0	22	0	0	0	0	0	0.046	0.046	0	0.338	0.12	0.12	0	0.88	0	0	0	0	0	2.33	2	1	0	0	nonsynonymous SNV	unknown	0.295	GPR116	NA		100002,100009,100021	TT,TT,TT	2,3,2	0,0,0	2,3,2
8	56364593	56364593	C	G	5	3	2	22	4	3	1	22	1	0	1	0	0	0.077	0.046	0.031	0.338	0.16	0.12	0.04	0.88	0.025	0	0.025	0	0	6.2	3	0.74	0	0	ncRNA	unknown	0.355	SBF1P1	NA		100002,100004,100016,100017,56	GG,CG,GG,GG,CG	8,7,7,3,6	2,3,2,0,2	6,4,5,3,4
8	142477588	142477588	C	T	11	4	7	21	8	4	4	21	3	0	3	0	0	0.169	0.062	0.108	0.323	0.32	0.16	0.16	0.84	0.075	0	0.075	0	0	14.82	5	0.69	0	0	nonsynonymous SNV	unknown	0.182	FLJ43860	NA		100002,100007,100008,100013,100015,100017,100023,100024,16,30,6	CT,CT,CT,TT,TT,TT,TT,CT,CT,CT,CT	11,25,21,16,8,14,7,26,15,15,5	4,7,7,2,1,4,0,10,7,9,2	7,18,13,14,7,10,7,16,8,6,3
10	21414892	21414892	C	G	30	3	27	22	17	3	14	22	13	0	13	0	0	0.462	0.046	0.415	0.338	0.68	0.12	0.56	0.88	0.325	0	0.325	0	0	36.43	18	0.52	0	0	nonsynonymous SNV	unknown	0.517	C10orf113	NA		100002,100005,100006,100009,100010,100011,100012,100013,100014,100016,100019,100020,100021,100022,100023,100024,100025,20,24,30,32,35,38,46,50,56,59,65,66,6	CG,CG,GG,CG,CG,CG,GG,CG,GG,CG,CG,CG,CG,CG,CG,CG,CG,CG,CG,CG,CG,CG,CG,CG,CG,CG,CG,CG,CG,CG	48,29,45,54,35,43,36,31,35,35,33,27,45,41,26,40,37,33,38,33,30,18,46,18,38,26,36,38,57,42	31,14,4,37,14,21,2,16,3,24,12,15,23,22,9,21,25,13,20,16,13,12,28,8,20,16,24,20,31,18	16,15,41,17,21,22,34,15,32,11,21,12,22,19,17,19,12,20,18,17,17,6,18,10,18,10,12,18,26,24
10	22839628	22839628	T	C	22	3	19	22	10	3	7	22	12	0	12	0	0	0.338	0.046	0.292	0.338	0.4	0.12	0.28	0.88	0.3	0	0.3	0	0	67.05	16	0.51	0	0	nonsynonymous SNV	unknown	0.256	PIP4K2A	NA		100002,100004,100010,100013,100017,100018,100019,100021,100023,100025,16,24,31,32,33,41,46,4,56,57,59,6	TC,TC,CC,TC,TC,TC,CC,CC,TC,TC,TC,TC,TC,TC,TC,TC,TC,TC,TC,TC,TC,TC	77,82,77,52,73,71,54,80,68,63,79,67,70,88,86,80,16,35,65,68,67,57	42,38,5,30,43,39,2,7,37,40,45,35,47,52,48,41,10,22,30,32,29,32	35,44,72,22,30,31,51,73,31,23,34,32,23,36,38,39,6,11,34,36,38,25
10	50034833	50034833	G	A	17	3	14	22	11	3	8	22	6	0	6	0	0	0.262	0.046	0.215	0.338	0.44	0.12	0.32	0.88	0.15	0	0.15	0	0	67.65	39	0.59	0	0	nonsynonymous SNV	unknown	0.189	WDFY4	NA		100002,100003,100004,100008,100013,100014,100015,100018,100020,100022,100024,17,40,41,5,62,66	GA,GA,GA,GA,GA,GA,GA,AA,GA,AA,AA,GA,GA,GA,GA,GA,GA	64,77,106,68,84,61,68,74,43,58,75,63,42,39,61,89,78	30,40,50,28,43,30,35,4,18,12,8,27,23,18,25,40,41	34,36,56,40,40,31,33,70,24,46,67,36,19,20,36,49,37
11	86969997	86969997	G	A	6	3	3	22	5	3	2	22	1	0	1	0	0	0.092	0.046	0.046	0.338	0.2	0.12	0.08	0.88	0.025	0	0.025	0	0	6.67	2	0.71	0	0	ncRNA	unknown	0.271	TMEM135	NA		100002,100007,100017,100024,100025,35	AA,GA,GA,AA,AA,GA	5,15,7,2,3,8	0,8,4,0,0,5	5,7,3,2,3,3
11	129722553	129722553	C	T	19	3	16	22	8	3	5	22	11	0	11	0	0	0.292	0.046	0.246	0.338	0.32	0.12	0.2	0.88	0.275	0	0.275	0	0	75.95	53	0.5	0	0	nonsynonymous SNV	unknown	0.223	TMEM45B	NA		100002,100007,100009,100010,100012,100022,100023,100024,16,22,25,35,52,57,59,5,63,64,65	CT,TT,CT,CT,CT,TT,CT,TT,CT,CT,CT,CT,CT,CT,CT,CT,CT,CT,CT	93,76,84,84,78,60,79,87,80,69,94,53,59,76,56,80,81,80,74	51,11,35,47,50,2,52,3,50,42,48,31,38,50,36,40,48,39,41	40,63,49,35,28,58,27,83,29,27,43,22,21,26,20,40,33,41,32
12	9585598	9585598	T	C	6	6	0	19	6	6	0	19	0	0	0	0	0	0.092	0.092	0	0.292	0.24	0.24	0	0.76	0	0	0	0	0	4.67	2	0.85	0	0	ncRNA	unknown	0.950	DDX12	NA		100002,100005,100006,100010,100012,100024	CC,CC,CC,CC,CC,CC	8,7,5,2,2,4	5,0,0,0,0,1	3,7,5,2,2,3
12	11214145	11214145	C	T	22	3	19	22	13	3	10	22	9	0	9	0	0	0.338	0.046	0.292	0.338	0.52	0.12	0.4	0.88	0.225	0	0.225	0	0	44.41	19	0.55	0	0	stopgain SNV	unknown	0.230	TAS2R46	NA		100002,100003,100005,100006,100007,100010,100014,100015,100016,100020,100021,100023,100025,16,22,51,54,57,59,5,64,6	CT,CT,CT,CT,TT,CT,TT,CT,CT,CT,TT,CT,CT,CT,CT,CT,CT,CT,CT,CT,CT,CT	68,37,49,30,45,37,44,62,51,57,35,47,54,44,52,19,49,41,42,39,43,32	39,20,28,12,4,19,4,35,22,30,2,22,29,23,18,12,21,19,25,22,21,16	29,17,21,18,41,18,40,27,29,27,33,25,24,21,34,7,28,22,17,17,22,16
12	11243929	11243929	C	T	3	3	0	22	3	3	0	22	0	0	0	0	0	0.046	0.046	0	0.338	0.12	0.12	0	0.88	0	0	0	0	0	6	3	0.89	0	0	stopgain SNV	unknown	0.173	TAS2R43	NA		100002,100014,100021	TT,TT,TT	12,3,3	4,0,0	8,3,3
12	11338669	11338669	C	T	24	3	21	22	13	3	10	22	11	0	11	0	0	0.369	0.046	0.323	0.338	0.52	0.12	0.4	0.88	0.275	0	0.275	0	0	40.5	28	0.49	0	0	nonsynonymous SNV	unknown	0.217	TAS2R42	NA		100002,100003,100005,100006,100007,100010,100014,100015,100016,100020,100021,100023,100025,16,23,35,40,50,54,56,57,59,5,6	CT,CT,CT,CT,TT,CT,TT,CT,CT,CT,TT,CT,CT,CT,CT,CT,CT,CT,CT,CT,CT,CT,CT,CT	31,56,45,43,28,36,41,49,33,40,35,38,47,48,47,32,43,28,43,38,44,37,48,42	7,34,26,29,7,24,5,25,21,22,8,23,24,34,26,9,28,17,24,17,28,22,23,20	23,22,19,14,21,12,36,23,12,17,26,15,23,14,21,23,14,11,19,21,16,15,24,22
15	49285001	49285001	G	C	32	3	29	22	16	3	13	22	16	0	16	0	0	0.492	0.046	0.446	0.338	0.64	0.12	0.52	0.88	0.4	0	0.4	0	0	127.25	48	0.46	0	0	nonsynonymous SNV	unknown	0.179	SECISBP2L	NA		100002,100003,100004,100005,100006,100007,100008,100009,100010,100013,100014,100018,100019,100023,100024,100025,16,17,23,31,33,34,35,42,54,56,57,58,5,60,62,63	GC,GC,GC,GC,GC,GC,CC,GC,GC,GC,GC,CC,GC,GC,GC,CC,GC,GC,GC,GC,GC,GC,GC,GC,GC,GC,GC,GC,GC,GC,GC,GC	147,194,156,136,128,187,115,156,135,162,108,108,142,136,143,127,133,133,140,48,124,103,91,79,117,132,130,127,126,90,118,101	99,120,95,77,64,109,4,90,68,102,58,5,86,69,87,9,82,75,80,31,78,72,53,43,71,74,75,73,83,58,67,50	48,74,61,59,64,78,111,66,66,60,50,103,56,67,56,118,51,58,60,17,46,31,38,36,46,58,55,54,43,32,51,51
17	43334005	43334005	G	C	3	3	0	22	3	3	0	22	0	0	0	0	0	0.046	0.046	0	0.338	0.12	0.12	0	0.88	0	0	0	0	0	5.33	3	0.73	0	0	ncRNA	unknown	0.340	LOC100133991	NA		100002,100013,100020	CC,CC,CC	3,4,9	1,1,2	2,3,7
19	53344919	53344919	T	G	10	4	6	21	6	4	2	21	4	0	4	0	0	0.154	0.062	0.092	0.323	0.24	0.16	0.08	0.84	0.1	0	0.1	0	0	11.3	4	0.66	0	0	nonsynonymous SNV	unknown	0.174	ZNF468	NA		100002,100004,100005,100008,100015,100023,31,33,54,62	GG,GG,GG,GG,TG,TG,TG,TG,TG,TG	7,16,14,5,4,11,16,5,13,22	2,2,1,1,2,5,11,1,6,10	5,14,13,4,2,6,5,4,7,12
22	21363306	21363306	G	A	15	9	6	16	11	9	2	16	4	0	4	0	0	0.231	0.138	0.092	0.246	0.44	0.36	0.08	0.64	0.1	0	0.1	0	0	11.07	7	0.66	0	0	ncRNA	unknown	0.194	FLJ39582,MGC16703	NA		100002,100003,100004,100005,100006,100008,100012,100017,100019,100023,100025,17,34,63,6	AA,AA,AA,AA,GA,AA,AA,AA,AA,GA,AA,GA,GA,GA,GA	11,14,17,11,16,10,15,12,9,9,8,9,8,7,10	5,4,9,2,9,1,2,3,3,3,0,6,5,2,3	6,10,8,9,6,9,13,9,6,6,8,3,3,5,7
22	50658698	50658698	T	A	15	3	12	22	8	3	5	22	7	0	7	0	0	0.231	0.046	0.185	0.338	0.32	0.12	0.2	0.88	0.175	0	0.175	0	0	19.13	4	0.57	0	0	nonsynonymous SNV	unknown	0.166	TUBGCP6	NA		100002,100003,100007,100012,100015,100018,100021,100024,25,42,4,50,54,5,7	AA,TA,TA,TA,AA,TA,AA,TA,TA,TA,TA,TA,TA,TA,TA	27,17,18,22,24,38,9,37,19,8,4,8,12,26,18	5,7,9,11,5,15,0,20,9,5,1,3,8,19,11	22,10,9,11,19,23,9,17,10,3,3,5,4,7,7
X	2688542	2688542	T	C	24	4	20	21	12	4	8	21	12	0	12	0	0	0.369	0.062	0.308	0.323	0.48	0.16	0.32	0.84	0.3	0	0.3	0	0	44.5	22	0.57	0	0	ncRNA	unknown	0.46582	XGPY2	NA		100002,100004,100005,100006,100009,100010,100011,100016,100017,100020,100021,100025,17,22,30,31,33,34,50,59,5,65,66,8	TC,TC,CC,CC,TC,TC,TC,TC,TC,CC,TC,CC,TC,TC,TC,TC,TC,TC,TC,TC,TC,TC,TC,TC	61,44,48,39,50,50,58,54,54,48,44,47,43,41,32,44,36,40,39,46,29,45,54,22	38,17,6,4,25,22,26,29,32,3,21,8,22,25,15,25,21,16,20,23,16,21,24,5	22,27,42,35,24,28,32,25,22,45,23,39,21,16,17,19,15,23,18,23,13,24,30,17
1	36807481	36807481	C	T	10	3	7	22	7	3	4	22	3	0	3	0	0	0.154	0.046	0.108	0.338	0.28	0.12	0.16	0.88	0.075	0	0.075	0	0	8	4	0.58	0	0	nonsynonymous SNV	unknown	0.162	STK40	NA		100003,100005,100008,100012,100014,100021,100022,16,17,6	CT,CT,CT,CT,TT,TT,TT,CT,CT,CT	13,6,12,7,11,5,4,7,6,9	8,2,6,4,3,1,1,4,2,5	5,4,6,3,8,4,3,3,4,4
1	54606804	54606804	C	T	3	3	0	22	3	3	0	22	0	0	0	0	0	0.046	0.046	0	0.338	0.12	0.12	0	0.88	0	0	0	0	0	4.33	3	1	0	0	nonsynonymous SNV	unknown	0.819	CDCP2	NA		100003,100016,100018	TT,TT,TT	5,3,5	0,0,0	5,3,5
1	231931048	231931048	T	C	14	3	11	22	8	3	5	22	6	0	6	0	0	0.215	0.046	0.169	0.338	0.32	0.12	0.2	0.88	0.15	0	0.15	0	0	55	34	0.55	0	0	ncRNA	unknown	0.122	TSNAX-DISC1	NA		100003,100006,100012,100013,100016,100017,100018,100025,31,32,41,52,6,7	CC,TC,CC,TC,TC,TC,CC,TC,TC,TC,TC,TC,TC,TC	46,50,40,57,72,61,48,51,66,53,56,57,79,34	2,27,2,24,48,42,2,26,40,28,31,38,46,15	44,23,38,33,24,19,46,25,26,25,25,19,33,19
2	171260797	171260797	A	G	25	4	21	21	14	4	10	21	11	0	11	0	0	0.385	0.062	0.323	0.323	0.56	0.16	0.4	0.84	0.275	0	0.275	0	0	57.64	30	0.48	0	0	nonsynonymous SNV	unknown	0.207	MYO3B	NA		100003,100005,100006,100007,100009,100013,100015,100016,100017,100018,100020,100021,100024,100025,16,22,23,25,41,52,54,57,59,62,8	AG,AG,AG,GG,AG,AG,GG,AG,GG,AG,GG,AG,AG,AG,AG,AG,AG,AG,AG,AG,AG,AG,AG,AG,AG	65,57,56,76,61,55,41,75,52,72,47,71,68,47,68,63,58,51,30,39,54,65,74,52,44	34,34,25,8,35,31,4,36,7,41,0,44,42,26,45,33,39,34,16,26,35,39,40,36,28	30,23,29,68,26,24,37,38,43,31,46,27,25,19,23,29,18,17,13,13,19,25,33,14,16
2	179406003	179406003	C	A	7	3	4	22	4	3	1	22	3	0	3	0	0	0.108	0.046	0.062	0.338	0.16	0.12	0.04	0.88	0.075	0	0.075	0	0	33	22	0.71	0	0	ncRNA	unknown	0.437	MIR548N	NA		100003,100014,100021,100023,24,64,66	CA,AA,AA,AA,CA,CA,CA	30,30,36,22,39,32,42	15,0,1,1,18,16,21	15,30,35,21,21,16,20
3	9857371	9857371	T	A	3	3	0	22	3	3	0	22	0	0	0	0	0	0.046	0.046	0	0.338	0.12	0.12	0	0.88	0	0	0	0	0	4	3	1	0	0	ncRNA	unknown	0.857	TTLL3	NA		100003,100006,100011	AA,AA,AA	3,4,5	0,0,0	3,4,5
4	1244879	1244879	A	G	3	3	0	22	3	3	0	22	0	0	0	0	0	0.046	0.046	0	0.338	0.12	0.12	0	0.88	0	0	0	0	0	3	2	1	0	0	ncRNA	unknown	0.372	C4orf42	NA		100003,100005,100024	GG,GG,GG	2,2,5	0,0,0	2,2,5
8	90990479	90990479	C	G	13	3	10	22	8	3	5	22	5	0	5	0	0	0.2	0.046	0.154	0.338	0.32	0.12	0.2	0.88	0.125	0	0.125	0	0	45.08	21	0.4	0	0	nonsynonymous SNV	unknown	0.301	NBN	NA		100003,100006,100007,100011,100013,100018,100021,100025,20,30,40,42,7	CG,GG,GG,CG,CG,CG,CG,GG,CG,CG,CG,CG,CG	57,34,36,43,41,39,50,21,40,53,82,63,27	42,9,12,30,30,29,38,4,25,37,56,41,18	15,25,24,13,11,10,12,17,15,16,24,22,9
9	97055310	97055310	C	T	16	3	13	22	7	3	4	22	9	0	9	0	0	0.246	0.046	0.2	0.338	0.28	0.12	0.16	0.88	0.225	0	0.225	0	0	35.12	22	0.49	0	0	nonsynonymous SNV	unknown	0.159	ZNF169	NA		100003,100006,100008,100012,100017,100019,100020,17,23,25,42,51,58,59,63,64	TT,TT,CT,CT,CT,TT,CT,CT,CT,CT,CT,CT,CT,CT,CT,CT	55,38,33,28,44,45,28,43,31,33,26,22,43,41,27,25	17,6,19,13,30,7,18,25,19,18,18,14,23,19,13,14	37,32,14,15,13,38,10,18,12,15,8,7,19,22,14,11
10	133769482	133769482	G	C	8	4	4	21	6	4	2	21	2	0	2	0	0	0.123	0.062	0.062	0.323	0.24	0.16	0.08	0.84	0.05	0	0.05	0	0	24.5	19	0.69	0	0	ncRNA	unknown	0.320	PPP2R2D	NA		100003,100006,100009,100013,100014,100021,25,51	GC,GC,CC,CC,CC,CC,GC,GC	27,20,34,19,24,25,28,19	14,13,2,0,4,0,15,10	13,7,32,19,20,25,13,9
11	36595600	36595600	A	G	24	3	21	22	9	3	6	22	15	0	15	0	0	0.369	0.046	0.323	0.338	0.36	0.12	0.24	0.88	0.375	0	0.375	0	0	13.33	6	0.58	0	0	nonsynonymous SNV	unknown	0.593	RAG1	NA		100003,100009,100010,100012,100015,100018,100020,100021,100024,20,22,23,24,25,34,35,54,58,59,5,62,66,6,8	AG,AG,GG,AG,AG,AG,AG,GG,GG,AG,AG,AG,AG,AG,AG,AG,AG,AG,AG,AG,AG,AG,AG,AG	8,16,15,17,12,15,22,19,9,9,13,10,13,16,14,7,21,11,12,19,9,14,13,6	4,7,2,11,5,4,15,4,1,3,8,3,6,9,6,3,11,6,4,10,3,9,6,1	4,9,13,6,7,11,7,15,8,6,5,7,7,7,8,4,10,5,8,9,6,5,7,5
15	55619796	55619796	T	C	17	3	14	22	8	3	5	22	9	0	9	0	0	0.262	0.046	0.215	0.338	0.32	0.12	0.2	0.88	0.225	0	0.225	0	0	90.71	68	0.51	0	0	nonsynonymous SNV	unknown	0.193	PIGB	NA		100003,100010,100013,100015,100016,100017,100021,100023,16,20,30,33,35,42,51,52,57	TC,TC,TC,TC,TC,CC,CC,CC,TC,TC,TC,TC,TC,TC,TC,TC,TC	128,74,68,85,100,119,91,72,115,102,89,76,79,85,74,96,89	67,39,36,50,60,19,9,7,66,55,53,46,46,49,41,64,51	60,35,32,35,40,100,82,65,48,46,36,30,33,36,32,32,38
15	78208141	78208141	C	T	12	3	9	22	8	3	5	22	4	0	4	0	0	0.185	0.046	0.138	0.338	0.32	0.12	0.2	0.88	0.1	0	0.1	0	0	21.67	7	0.46	0	0	ncRNA	unknown	0.162	LOC645752	NA		100003,100007,100010,100018,100019,100023,100024,100025,24,30,57,66	TT,CT,CT,CT,TT,TT,CT,CT,CT,CT,CT,CT	31,22,19,25,14,7,17,34,16,21,19,35	8,14,13,18,6,4,11,19,6,12,10,17	23,8,6,7,8,3,6,15,10,9,9,18
15	89398407	89398407	C	T	20	3	17	22	12	3	9	22	8	0	8	0	0	0.308	0.046	0.262	0.338	0.48	0.12	0.36	0.88	0.2	0	0.2	0	0	30.15	15	0.49	0	0	nonsynonymous SNV	unknown	0.100	ACAN	NA		100003,100004,100006,100007,100008,100009,100012,100018,100022,100023,100024,100025,16,20,23,30,4,50,57,58	CT,TT,TT,CT,CT,CT,CT,CT,TT,CT,CT,CT,CT,CT,CT,CT,CT,CT,CT,CT	32,39,25,31,39,33,37,34,18,25,37,28,41,18,26,25,15,26,36,38	13,5,2,19,20,19,24,19,12,14,24,13,24,9,13,15,7,14,19,25	19,34,23,12,19,14,13,15,6,11,13,15,16,9,13,10,8,12,17,13
15	90796558	90796558	G	A	26	4	22	21	12	4	8	21	14	0	14	0	0	0.4	0.062	0.338	0.323	0.48	0.16	0.32	0.84	0.35	0	0.35	0	0	51.19	16	0.5	0	0	nonsynonymous SNV	unknown	0.330	TTLL13	NA		100003,100004,100005,100007,100009,100013,100015,100018,100019,100020,100021,100023,23,25,31,32,35,38,41,56,60,62,63,64,65,6	GA,AA,AA,GA,AA,AA,GA,GA,GA,GA,GA,GA,GA,GA,GA,GA,GA,GA,GA,GA,GA,GA,GA,GA,GA,GA	72,47,49,93,50,64,66,50,84,44,71,62,49,49,28,46,40,51,16,70,17,50,19,41,50,53	36,4,6,52,3,4,36,35,51,19,41,41,31,29,13,25,25,23,10,34,9,31,11,27,28,36	35,43,42,41,47,58,30,15,33,24,29,21,18,20,15,19,15,28,6,36,7,19,8,14,22,16
15	90800449	90800449	C	T	22	3	19	22	10	3	7	22	12	0	12	0	0	0.338	0.046	0.292	0.338	0.4	0.12	0.28	0.88	0.3	0	0.3	0	0	39.5	23	0.48	0	0	nonsynonymous SNV	unknown	0.316	TTLL13	NA		100003,100005,100009,100013,100015,100018,100019,100020,100021,100023,23,30,31,35,38,41,56,62,63,64,65,6	CT,TT,TT,TT,CT,CT,CT,CT,CT,CT,CT,CT,CT,CT,CT,CT,CT,CT,CT,CT,CT,CT	55,33,43,52,51,34,53,37,44,41,39,29,23,26,73,32,35,39,43,28,35,24	32,1,11,9,22,17,28,25,26,27,22,20,16,11,47,23,21,21,21,12,18,15	23,32,31,42,27,16,24,11,18,14,15,9,7,14,26,9,13,18,22,15,15,9
16	88803982	88803982	C	G	5	5	0	20	5	5	0	20	0	0	0	0	0	0.077	0.077	0	0.308	0.2	0.2	0	0.8	0	0	0	0	0	5.8	2	0.79	0	0	nonsynonymous SNV	unknown	0.746	FAM38A	NA		100003,100008,100011,100015,100020	GG,GG,GG,GG,GG	10,8,4,2,5	2,3,1,0,1	8,5,3,2,4
16	89985844	89985844	G	T	4	3	1	22	4	3	1	22	0	0	0	0	0	0.062	0.046	0.015	0.338	0.16	0.12	0.04	0.88	0	0	0	0	0	2.75	2	0.88	0	0	nonsynonymous SNV	unknown	0.054	MC1R	NA		100003,100007,100012,100013	TT,GT,TT,TT	2,4,3,2	0,2,0,0	2,2,3,2
17	28386526	28386526	A	G	10	3	7	22	6	3	3	22	4	0	4	0	0	0.154	0.046	0.108	0.338	0.24	0.12	0.12	0.88	0.1	0	0.1	0	0	23.9	18	0.61	0	0	ncRNA	unknown	0.575	EFCAB5	NA		100003,100006,100007,100009,100014,100019,16,22,41,56	AG,AG,GG,GG,AG,GG,AG,AG,AG,AG	24,26,30,22,25,18,23,25,28,18	15,14,1,1,18,0,12,13,16,6	9,12,29,21,7,18,11,12,12,12
19	4511350	4511350	T	A	3	3	0	22	3	3	0	22	0	0	0	0	0	0.046	0.046	0	0.338	0.12	0.12	0	0.88	0	0	0	0	0	5.33	3	0.7	0	0	nonsynonymous SNV	unknown	0.747	PLIN4	NA		100003,100018,100019	AA,AA,AA	8,3,5	3,1,1	5,2,4
19	15882796	15882796	T	A	6	5	1	20	6	5	1	20	0	0	0	0	0	0.092	0.077	0.015	0.308	0.24	0.2	0.04	0.8	0	0	0	0	0	7.17	2	0.94	0	0	ncRNA	unknown	0.830	CYP4F24P	NA		100003,100006,100008,100011,100015,100025	AA,AA,AA,AA,TA,AA	5,8,2,9,6,13	0,0,0,0,2,0	5,8,2,9,4,13
19	55349031	55349031	G	A	12	3	9	22	9	3	6	22	3	0	3	0	0	0.185	0.046	0.138	0.338	0.36	0.12	0.24	0.88	0.075	0	0.075	0	0	11.17	4	0.72	0	0	nonsynonymous SNV	unknown	0.115	KIR2DS4;KIR2DS4	NA		100003,100005,100006,100010,100012,100015,100018,100021,100023,20,32,63	AA,GA,GA,AA,GA,AA,GA,GA,GA,GA,GA,GA	16,10,10,4,10,14,14,11,11,10,16,8	0,6,1,0,3,1,4,4,4,5,10,1	16,4,9,4,7,13,10,7,7,5,6,7
1	144868170	144868170	C	T	10	4	6	21	6	4	2	21	4	0	4	0	0	0.154	0.062	0.092	0.323	0.24	0.16	0.08	0.84	0.1	0	0.1	0	0	10	4	0.61	0	0	nonsynonymous SNV	unknown	unknown	PDE4DIP	NA		100004,100009,100010,100016,100017,100018,35,54,63,66	CT,TT,CT,TT,TT,TT,CT,CT,CT,CT	13,11,4,7,5,9,12,14,8,17	8,3,2,3,1,1,6,6,3,8	5,8,2,4,4,8,6,8,5,9
2	132996661	132996661	A	T	4	3	1	22	3	3	0	22	1	0	1	0	0	0.062	0.046	0.015	0.338	0.12	0.12	0	0.88	0.025	0	0.025	0	0	3.5	2	0.92	0	0	ncRNA	unknown	unknown	ANKRD30BL	NA		100004,100005,100019,48	TT,TT,TT,AT	2,3,3,6	0,0,0,2	2,3,3,4
3	111921116	111921116	C	A	33	3	30	22	15	3	12	22	18	0	18	0	0	0.508	0.046	0.462	0.338	0.6	0.12	0.48	0.88	0.45	0	0.45	0	0	73.76	30	0.46	0	0	nonsynonymous SNV	unknown	0.294	SLC9A10	NA		100004,100005,100008,100011,100012,100013,100015,100016,100017,100018,100019,100020,100021,100022,100025,17,20,22,24,30,33,34,35,40,41,54,56,57,58,5,60,63,8	CA,CA,CA,CA,AA,AA,AA,CA,CA,CA,CA,CA,CA,CA,CA,CA,CA,CA,CA,CA,CA,CA,CA,CA,CA,CA,CA,CA,CA,CA,CA,CA,CA	108,64,70,69,53,55,68,84,79,72,55,72,70,30,71,82,88,81,87,76,67,67,65,121,110,115,69,88,75,86,35,48,54	67,46,35,40,0,0,5,50,51,50,33,40,39,18,37,52,43,56,52,51,35,33,41,63,56,73,44,53,47,47,21,24,32	39,18,33,29,52,54,63,34,28,22,22,31,31,12,32,29,44,24,35,25,32,33,24,57,52,42,24,33,27,36,14,23,22
3	111962851	111962851	T	C	29	3	26	22	13	3	10	22	16	0	16	0	0	0.446	0.046	0.4	0.338	0.52	0.12	0.4	0.88	0.4	0	0.4	0	0	32.52	18	0.51	0	0	nonsynonymous SNV	unknown	0.278	SLC9A10	NA		100004,100005,100008,100011,100012,100013,100015,100016,100017,100020,100021,100022,100025,17,20,22,24,30,33,34,35,40,41,54,56,58,5,63,8	TC,TC,TC,TC,CC,CC,CC,TC,TC,TC,TC,TC,TC,TC,TC,TC,TC,TC,TC,TC,TC,TC,TC,TC,TC,TC,TC,TC,TC	46,29,18,22,28,28,18,24,35,27,27,21,21,31,48,42,50,36,22,22,42,50,41,48,37,40,34,25,31	32,13,10,11,2,1,0,13,20,18,14,12,11,16,26,20,32,19,10,15,22,28,23,28,15,17,18,10,22	14,16,8,11,26,27,18,11,15,9,13,9,10,15,22,22,18,17,12,7,20,22,18,20,22,23,16,15,9
4	95561459	95561459	A	G	8	4	4	21	6	4	2	21	2	0	2	0	0	0.123	0.062	0.062	0.323	0.24	0.16	0.08	0.84	0.05	0	0.05	0	0	30.38	21	0.69	0	0	nonsynonymous SNV	unknown	0.323	PDLIM5	NA		100004,100011,100012,100017,100021,100023,5,62	GG,AG,AG,GG,GG,GG,AG,AG	43,30,25,36,23,21,29,36	6,16,16,6,2,0,14,15	37,14,8,30,21,20,15,21
6	29857410	29857410	T	C	5	5	0	20	5	5	0	20	0	0	0	0	0	0.077	0.077	0	0.308	0.2	0.2	0	0.8	0	0	0	0	0	3.4	2	1	0	0	ncRNA	unknown	0.671	HLA-H	NA		100004,100005,100011,100013,100018	CC,CC,CC,CC,CC	3,3,5,4,2	0,0,0,0,0	3,3,5,4,2
6	29910761	29910761	G	A	9	3	6	22	7	3	4	22	2	0	2	0	0	0.138	0.046	0.092	0.338	0.28	0.12	0.16	0.88	0.05	0	0.05	0	0	23.67	12	0.57	0	0	nonsynonymous SNV	unknown	0.192	HLA-A	NA		100004,100005,100007,100015,100016,100018,100025,6,7	GA,AA,GA,GA,AA,GA,AA,GA,GA	23,19,15,12,34,15,27,32,36	10,4,4,8,5,8,6,24,23	13,15,11,4,29,7,21,8,13
6	79675701	79675701	A	G	18	4	14	21	11	4	7	21	7	0	7	0	0	0.277	0.062	0.215	0.323	0.44	0.16	0.28	0.84	0.175	0	0.175	0	0	21.83	10	0.5	0	0	nonsynonymous SNV	unknown	0.248	PHIP	NA		100004,100005,100006,100007,100009,100011,100012,100015,100018,100020,100025,16,17,33,34,38,56,6	GG,GG,GG,AG,AG,AG,AG,AG,AG,GG,AG,AG,AG,AG,AG,AG,AG,AG	20,17,15,35,21,36,16,28,22,13,25,33,12,16,12,35,27,10	3,2,3,22,11,26,8,22,12,2,18,22,7,9,7,24,16,3	17,15,12,12,10,10,8,6,10,11,7,11,5,7,5,11,11,7
8	94658590	94658590	G	A	9	4	5	21	6	4	2	21	3	0	3	0	0	0.138	0.062	0.077	0.323	0.24	0.16	0.08	0.84	0.075	0	0.075	0	0	4.78	2	0.83	0	0	ncRNA	unknown	0.349	LOC642924	NA		100004,100006,100012,100017,100018,100022,50,56,58	GA,AA,AA,AA,AA,GA,GA,GA,GA	5,2,5,5,4,5,3,7,7	1,0,0,1,0,1,1,2,2	4,2,5,4,4,4,2,5,5
8	143746069	143746069	T	C	6	3	3	22	6	3	3	22	0	0	0	0	0	0.092	0.046	0.046	0.338	0.24	0.12	0.12	0.88	0	0	0	0	0	10.17	5	0.57	0	0	nonsynonymous SNV	unknown	0.472	JRK	NA		100004,100008,100009,100012,100014,100019	CC,TC,TC,CC,TC,CC	9,15,14,5,8,10	5,7,4,1,4,6	4,8,10,4,4,4
9	132377900	132377900	C	T	19	3	16	22	9	3	6	22	10	0	10	0	0	0.292	0.046	0.246	0.338	0.36	0.12	0.24	0.88	0.25	0	0.25	0	0	10.26	4	0.66	0	0	nonsynonymous SNV	unknown	0.545	C9orf50	NA		100004,100005,100006,100008,100009,100012,100014,100015,100017,22,23,24,34,56,58,62,63,6,7	CT,TT,CT,TT,CT,TT,CT,CT,CT,CT,CT,CT,CT,CT,CT,CT,CT,CT,CT	4,17,11,16,16,12,8,7,10,12,9,12,12,4,16,4,10,11,4	1,3,5,2,5,0,3,4,3,7,3,4,4,2,8,2,1,2,2	3,14,6,14,11,12,5,3,7,5,6,8,8,2,8,2,9,9,2
10	31318756	31318756	G	T	4	4	0	21	4	4	0	21	0	0	0	0	0	0.062	0.062	0	0.323	0.16	0.16	0	0.84	0	0	0	0	0	2.75	2	0.92	0	0	ncRNA	unknown	0.673	ZNF438	NA		100004,100011,100013,100020	TT,TT,TT,TT	2,3,3,3	0,0,0,1	2,3,3,2
11	122023187	122023187	A	G	3	3	0	22	3	3	0	22	0	0	0	0	0	0.046	0.046	0	0.338	0.12	0.12	0	0.88	0	0	0	0	0	3	2	1	0	0	ncRNA	unknown	0.460	LOC399959	NA		100004,100007,100018	GG,GG,GG	2,3,4	0,0,0	2,3,4
11	133788992	133788992	T	C	12	4	8	21	6	4	2	21	6	0	6	0	0	0.185	0.062	0.123	0.323	0.24	0.16	0.08	0.84	0.15	0	0.15	0	0	41.33	22	0.56	0	0	nonsynonymous SNV	unknown	0.407	IGSF9B	NA		100004,100005,100006,100012,100014,100018,22,30,57,65,66,7	CC,CC,CC,TC,CC,TC,TC,TC,TC,TC,TC,TC	46,59,47,33,46,54,36,32,31,40,50,22	10,13,4,10,12,29,21,20,19,22,30,16	36,45,43,23,34,25,15,12,12,18,20,6
12	6567907	6567907	C	T	13	3	10	22	7	3	4	22	6	0	6	0	0	0.2	0.046	0.154	0.338	0.28	0.12	0.16	0.88	0.15	0	0.15	0	0	38.62	21	0.53	0	0	nonsynonymous SNV	unknown	0.074	TAPBPL	NA		100004,100005,100010,100013,100018,100019,100020,20,22,30,32,56,8	CT,CT,TT,TT,TT,CT,CT,CT,CT,CT,CT,CT,CT	37,48,33,49,48,48,37,23,43,33,45,37,21	20,26,1,5,9,32,25,11,26,18,24,22,12	17,22,32,44,39,16,12,12,17,15,21,15,9
12	6635274	6635274	G	A	18	3	15	22	11	3	8	22	7	0	7	0	0	0.277	0.046	0.231	0.338	0.44	0.12	0.32	0.88	0.175	0	0.175	0	0	42.61	17	0.46	0	0	nonsynonymous SNV	unknown	0.092	NCAPD2	NA		100004,100005,100007,100009,100010,100013,100017,100018,100019,100020,100024,20,22,30,32,40,56,8	GA,GA,GA,GA,AA,AA,GA,AA,GA,GA,GA,GA,GA,GA,GA,GA,GA,GA	69,49,45,39,39,53,55,32,43,40,56,33,36,37,60,17,45,19	41,26,32,28,8,4,39,4,31,20,27,20,18,25,37,11,27,12	28,23,13,11,31,49,16,28,12,20,29,13,18,12,23,6,18,7
12	52611710	52611710	G	A	5	4	1	21	4	4	0	21	1	0	1	0	0	0.077	0.062	0.015	0.323	0.16	0.16	0	0.84	0.025	0	0.025	0	0	7	2	0.85	0	0	ncRNA	unknown	0.275	LOC283404	NA		100004,100013,100017,100022,46	AA,AA,AA,AA,GA	3,13,3,2,14	1,0,0,0,6	2,13,3,2,8
13	50205025	50205025	T	C	8	3	5	22	7	3	4	22	1	0	1	0	0	0.123	0.046	0.077	0.338	0.28	0.12	0.16	0.88	0.025	0	0.025	0	0	13.5	7	0.73	0	0	nonsynonymous SNV	unknown	0.270	ARL11	NA		100004,100006,100010,100013,100018,100021,100025,23	CC,TC,CC,CC,TC,TC,TC,TC	19,19,7,19,13,10,10,11	0,12,0,2,7,2,2,5	19,7,7,17,6,8,8,6
13	113909339	113909339	A	G	18	4	14	21	10	4	6	21	8	0	8	0	0	0.277	0.062	0.215	0.323	0.4	0.16	0.24	0.84	0.2	0	0.2	0	0	47.39	30	0.54	0	0	nonsynonymous SNV	unknown	0.183	CUL4A	NA		100004,100005,100006,100009,100015,100016,100017,100023,100024,100025,30,41,54,59,63,66,7,8	GG,GG,GG,AG,AG,GG,AG,AG,AG,AG,AG,AG,AG,AG,AG,AG,AG,AG	66,54,31,36,68,43,59,40,45,43,56,38,61,57,36,56,30,34	8,7,3,17,40,5,37,25,23,18,31,21,38,31,21,33,18,17	58,47,27,18,26,38,22,14,22,25,25,17,22,25,15,23,12,16
14	50792273	50792273	A	G	4	3	1	22	4	3	1	22	0	0	0	0	0	0.062	0.046	0.015	0.338	0.16	0.12	0.04	0.88	0	0	0	0	0	9.25	6	0.91	0	0	ncRNA	unknown	0.574	ATP5S	NA		100004,100005,100006,100008	AG,GG,GG,GG	12,8,11,6	3,0,1,0	9,8,10,6
14	58761129	58761129	G	A	3	3	0	22	3	3	0	22	0	0	0	0	0	0.046	0.046	0	0.338	0.12	0.12	0	0.88	0	0	0	0	0	2.33	2	1	0	0	ncRNA	unknown	0.657	FLJ31306	NA		100004,100005,100024	AA,AA,AA	2,2,3	0,0,0	2,2,3
18	2652879	2652879	T	G	5	4	1	21	4	4	0	21	1	0	1	0	0	0.077	0.062	0.015	0.323	0.16	0.16	0	0.84	0.025	0	0.025	0	0	5.6	3	0.89	0	0	ncRNA	unknown	0.170	LOC645158	NA		100004,100005,100007,100021,59	GG,GG,GG,GG,TG	3,6,9,3,7	0,0,0,0,4	3,6,9,3,3
18	24510753	24510753	G	A	3	3	0	22	3	3	0	22	0	0	0	0	0	0.046	0.046	0	0.338	0.12	0.12	0	0.88	0	0	0	0	0	4	2	0.86	0	0	ncRNA	unknown	0.539	C18orf16	NA		100004,100014,100024	AA,AA,AA	7,2,3	3,0,0	4,2,3
19	9074265	9074265	G	A	27	3	24	22	9	3	6	22	18	0	18	0	0	0.415	0.046	0.369	0.338	0.36	0.12	0.24	0.88	0.45	0	0.45	0	0	40.59	13	0.44	0	0	nonsynonymous SNV	unknown	0.149	MUC16	NA		100004,100007,100009,100010,100011,100012,100015,100023,100025,16,17,20,22,24,33,34,40,41,42,43,50,56,58,59,62,7,8	GA,AA,GA,AA,GA,GA,GA,GA,AA,GA,GA,GA,GA,GA,GA,GA,GA,GA,GA,GA,GA,GA,GA,GA,GA,GA,GA	52,46,42,48,37,37,58,33,27,39,38,45,36,61,31,28,34,13,48,51,37,53,39,48,49,23,43	25,17,27,10,29,27,40,21,9,25,22,31,22,32,10,19,17,7,32,25,20,28,23,35,28,12,22	26,29,15,38,8,10,18,12,17,14,16,14,14,28,21,9,17,6,16,25,17,25,16,13,21,11,21
19	43269699	43269699	C	T	6	5	1	20	6	5	1	20	0	0	0	0	0	0.092	0.077	0.015	0.308	0.24	0.2	0.04	0.8	0	0	0	0	0	7	3	0.61	0	0	nonsynonymous SNV	unknown	0.285	PSG8	NA		100004,100005,100011,100014,100020,100021	TT,TT,CT,TT,TT,TT	5,9,7,3,8,10	2,4,5,0,4,2	3,5,2,3,4,5
19	46716716	46716716	A	G	5	4	1	21	4	4	0	21	1	0	1	0	0	0.077	0.062	0.015	0.323	0.16	0.16	0	0.84	0.025	0	0.025	0	0	6.4	5	0.79	0	0	ncRNA	unknown	0.355	DKFZp434J0226	NA		100004,100005,100017,100018,63	GG,GG,GG,GG,AG	8,6,5,8,5	0,0,2,2,2	8,6,3,6,3
19	50435862	50435862	C	T	7	5	2	20	7	5	2	20	0	0	0	0	0	0.108	0.077	0.031	0.308	0.28	0.2	0.08	0.8	0	0	0	0	0	4.29	3	0.74	0	0	nonsynonymous SNV	unknown	0.720	ATF5	NA		100004,100005,100007,100010,100017,100021,100024	CT,TT,CT,TT,TT,TT,TT	3,6,5,4,5,3,4	1,1,2,2,2,0,0	2,4,3,2,3,2,4
20	7963041	7963041	C	T	14	3	11	22	5	3	2	22	9	0	9	0	0	0.215	0.046	0.169	0.338	0.2	0.12	0.08	0.88	0.225	0	0.225	0	0	87	61	0.47	0	0	nonsynonymous SNV	unknown	0.355	TMX4	NA		100004,100005,100007,100010,100013,16,20,25,34,52,56,58,6,8	TT,TT,TT,CT,CT,CT,CT,CT,CT,CT,CT,CT,CT,CT	96,82,98,86,130,94,69,87,71,61,87,84,100,73	29,21,33,28,89,55,40,67,41,42,46,57,55,39	67,61,65,58,41,39,29,20,30,19,41,27,45,34
21	43793625	43793625	C	T	5	3	2	22	5	3	2	22	0	0	0	0	0	0.077	0.046	0.031	0.338	0.2	0.12	0.08	0.88	0	0	0	0	0	4.6	2	0.9	0	0	ncRNA	unknown	0.542	TMPRSS3	NA		100004,100009,100011,100013,100016	CT,TT,TT,CT,TT	5,2,3,10,3	1,0,0,3,0	4,2,3,7,3
X	140993859	140993859	T	A	5	3	2	22	5	3	2	22	0	0	0	0	0	0.077	0.046	0.031	0.338	0.2	0.12	0.08	0.88	0	0	0	0	0	4	3	0.57	0	0	nonsynonymous SNV	unknown	0.32432	MAGEC1	NA		100004,100005,100011,100012,100013	TA,AA,AA,AA,TA	5,3,4,3,5	3,1,2,1,2	2,2,2,2,3
1	173320886	173320886	C	A	5	5	0	20	5	5	0	20	0	0	0	0	0	0.077	0.077	0	0.308	0.2	0.2	0	0.8	0	0	0	0	0	3.6	2	0.91	0	0	ncRNA	unknown	0.686	LOC100506023	NA		100005,100013,100015,100016,100025	AA,AA,AA,AA,AA	6,3,2,5,2	1,0,0,1,0	3,3,2,4,2
4	2451694	2451694	T	C	3	3	0	22	3	3	0	22	0	0	0	0	0	0.046	0.046	0	0.338	0.12	0.12	0	0.88	0	0	0	0	0	2.67	2	1	0	0	nonsynonymous SNV	unknown	0.946	LOC402160	NA		100005,100016,100023	CC,CC,CC	2,4,2	0,0,0	2,4,2
9	130884753	130884753	C	T	9	3	6	22	6	3	3	22	3	0	3	0	0	0.138	0.046	0.092	0.338	0.24	0.12	0.12	0.88	0.075	0	0.075	0	0	17.44	8	0.6	0	0	nonsynonymous SNV	unknown	0.092	PTGES2	NA		100005,100011,100013,100014,100016,100017,16,22,63	TT,CT,CT,TT,CT,TT,CT,CT,CT	31,8,13,20,10,23,13,15,24	5,4,9,1,5,0,7,7,16	25,4,4,19,5,23,6,8,8
17	72351024	72351024	T	C	7	3	4	22	5	3	2	22	2	0	2	0	0	0.108	0.046	0.062	0.338	0.2	0.12	0.08	0.88	0.05	0	0.05	0	0	15.86	6	0.62	0	0	nonsynonymous SNV	unknown	0.156	KIF19	NA		100005,100007,100009,100013,100023,32,56	TC,CC,TC,CC,CC,TC,TC	31,12,19,19,6,6,18	16,0,14,0,2,3,10	15,12,5,19,4,3,8
22	31536133	31536133	A	C	6	5	1	20	6	5	1	20	0	0	0	0	0	0.092	0.077	0.015	0.308	0.24	0.2	0.04	0.8	0	0	0	0	0	4.5	2	0.77	0	0	nonsynonymous SNV	unknown	0.806	PLA2G3	NA		100005,100007,100008,100013,100021,100024	CC,CC,CC,CC,CC,AC	6,5,2,4,3,7	1,2,0,1,0,4	5,3,2,3,3,3
22	36551916	36551916	C	T	4	3	1	22	4	3	1	22	0	0	0	0	0	0.062	0.046	0.015	0.338	0.16	0.12	0.04	0.88	0	0	0	0	0	4.5	2	0.89	0	0	ncRNA	unknown	0.207	APOL3	NA		100005,100008,100009,100010	TT,TT,CT,TT	5,4,7,2	0,0,3,0	5,4,4,2
1	31349647	31349647	C	T	12	3	9	22	9	3	6	22	3	0	3	0	0	0.185	0.046	0.138	0.338	0.36	0.12	0.24	0.88	0.075	0	0.075	0	0	17.92	10	0.61	0	0	nonsynonymous SNV	unknown	0.084	SDC3	NA		100006,100010,100011,100012,100014,100018,100021,100022,100024,24,32,34	TT,CT,TT,CT,CT,CT,CT,TT,CT,CT,CT,CT	20,16,15,13,20,26,21,17,19,17,10,21	3,6,3,9,11,12,7,2,7,9,5,9	17,10,12,4,9,13,14,15,12,8,5,12
1	40533320	40533320	T	G	3	3	0	22	3	3	0	22	0	0	0	0	0	0.046	0.046	0	0.338	0.12	0.12	0	0.88	0	0	0	0	0	5.67	4	0.48	0	0	nonsynonymous SNV	unknown	1.000	CAP1	NA		100006,100008,100011	GG,GG,GG	6,4,7	2,2,5	4,2,2
2	95540543	95540543	G	A	4	3	1	22	4	3	1	22	0	0	0	0	0	0.062	0.046	0.015	0.338	0.16	0.12	0.04	0.88	0	0	0	0	0	5	3	0.79	0	0	nonsynonymous SNV	unknown	0.090	TEKT4	NA		100006,100007,100016,100019	AA,GA,AA,AA	3,6,6,5	1,2,1,0	2,4,5,5
3	13670536	13670536	A	G	5	3	2	22	3	3	0	22	2	0	2	0	0	0.077	0.046	0.031	0.338	0.12	0.12	0	0.88	0.05	0	0.05	0	0	5.2	4	0.83	0	0	nonsynonymous SNV	unknown	0.778	FBLN2	NA		100006,100009,100014,57,59	GG,GG,GG,AG,AG	5,4,5,6,6	0,0,0,3,2	5,4,5,3,4
6	6588881	6588881	A	C	4	3	1	22	4	3	1	22	0	0	0	0	0	0.062	0.046	0.015	0.338	0.16	0.12	0.04	0.88	0	0	0	0	0	4.5	3	0.84	0	0	ncRNA	unknown	0.699	LY86-AS1	NA		100006,100008,100013,100016	AC,CC,CC,CC	7,3,3,5	3,0,0,1	4,3,3,4
7	149503843	149503843	T	G	10	4	6	21	6	4	2	21	4	0	4	0	0	0.154	0.062	0.092	0.323	0.24	0.16	0.08	0.84	0.1	0	0.1	0	0	33.2	16	0.55	0	0	nonsynonymous SNV	unknown	0.317	SSPO	NA		100006,100009,100013,100014,100017,100024,25,31,33,56	GG,GG,TG,TG,GG,GG,TG,TG,TG,TG	39,40,42,42,33,41,28,16,21,30	7,9,25,26,12,13,19,6,13,17	32,31,17,16,21,28,9,10,8,13
16	71483497	71483497	C	G	17	3	14	22	9	3	6	22	8	0	8	0	0	0.262	0.046	0.215	0.338	0.36	0.12	0.24	0.88	0.2	0	0.2	0	0	45.94	27	0.54	0	0	nonsynonymous SNV	unknown	0.099	ZNF23	NA		100006,100009,100010,100011,100014,100016,100018,100020,100022,22,23,25,43,59,62,63,66	GG,GG,CG,CG,CG,CG,CG,GG,CG,CG,CG,CG,CG,CG,CG,CG,CG	27,42,42,38,43,55,46,49,40,51,52,60,49,48,43,43,53	2,2,20,21,24,37,28,9,23,25,33,27,28,23,23,16,28	25,40,22,17,19,18,17,40,17,26,19,33,21,25,20,27,25
17	7230845	7230845	G	T	5	3	2	22	4	3	1	22	1	0	1	0	0	0.077	0.046	0.031	0.338	0.16	0.12	0.04	0.88	0.025	0	0.025	0	0	6.8	5	0.77	0	0	nonsynonymous SNV	unknown	0.100	NEURL4	NA		100006,100012,100016,100017,63	GT,TT,TT,TT,GT	7,6,10,6,5	3,2,1,0,1	4,3,9,6,4
19	1037718	1037718	G	T	4	4	0	21	4	4	0	21	0	0	0	0	0	0.062	0.062	0	0.323	0.16	0.16	0	0.84	0	0	0	0	0	2	2	1	0	0	nonsynonymous SNV	unknown	unknown	CNN2	NA		100006,100008,100013,100014	TT,TT,TT,TT	2,2,2,2	0,0,0,0	2,2,2,2
19	36497358	36497358	C	G	3	3	0	22	3	3	0	22	0	0	0	0	0	0.046	0.046	0	0.338	0.12	0.12	0	0.88	0	0	0	0	0	4.33	3	0.89	0	0	nonsynonymous SNV	unknown	0.935	C19orf46	NA		100006,100012,100024	GG,GG,GG	3,4,6	0,0,2	3,4,4
19	36912925	36912925	A	T	4	4	0	21	4	4	0	21	0	0	0	0	0	0.062	0.062	0	0.323	0.16	0.16	0	0.84	0	0	0	0	0	4.5	2	0.89	0	0	ncRNA	unknown	0.636	LOC644189	NA		100006,100015,100017,100023	TT,TT,TT,TT	2,5,8,3	0,1,2,0	2,4,6,3
21	35821821	35821821	T	C	6	3	3	22	4	3	1	22	2	0	2	0	0	0.092	0.046	0.046	0.338	0.16	0.12	0.04	0.88	0.05	0	0.05	0	0	8	3	0.71	0	0	nonsynonymous SNV	unknown	0.661	KCNE1	NA		100006,100007,100014,100024,57,63	CC,CC,CC,TC,TC,TC	9,4,3,13,6,13	0,1,0,7,2,8	9,3,3,6,4,5
1	113098534	113098534	C	T	20	5	15	20	12	5	7	20	8	0	8	0	0	0.308	0.077	0.231	0.308	0.48	0.2	0.28	0.8	0.2	0	0.2	0	0	57.2	26	0.49	0	0	nonsynonymous SNV	unknown	0.152	ST7L	NA		100007,100008,100012,100013,100014,100015,100016,100017,100018,100022,100023,100024,16,34,43,51,52,59,5,66	CT,CT,CT,CT,CT,TT,CT,TT,TT,TT,TT,CT,CT,CT,CT,CT,CT,CT,CT,CT	70,52,50,51,59,52,65,70,55,26,45,46,74,44,65,50,63,65,78,64	49,36,26,28,30,10,43,17,10,13,7,28,46,27,35,24,47,31,46,37	20,15,23,21,29,41,22,52,43,13,37,18,28,16,29,25,16,34,32,27
2	130897234	130897234	C	T	4	4	0	21	4	4	0	21	0	0	0	0	0	0.062	0.062	0	0.323	0.16	0.16	0	0.84	0	0	0	0	0	5.5	3	0.82	0	0	nonsynonymous SNV	unknown	0.307	CCDC74B	NA		100007,100008,100012,100025	TT,TT,TT,TT	4,10,5,3	0,2,1,1	4,8,4,2
3	106849510	106849510	G	A	3	3	0	22	3	3	0	22	0	0	0	0	0	0.046	0.046	0	0.338	0.12	0.12	0	0.88	0	0	0	0	0	3.33	2	0.94	0	0	ncRNA	unknown	0.629	LOC100302640	NA		100007,100014,100020	AA,AA,AA	2,2,6	0,0,1	2,2,5
9	33001449	33001449	C	A	5	4	1	21	5	4	1	21	0	0	0	0	0	0.077	0.062	0.015	0.323	0.2	0.16	0.04	0.84	0	0	0	0	0	3.2	2	0.85	0	0	ncRNA	unknown	0.618	APTX	NA		100007,100008,100010,100014,100016	AA,CA,AA,AA,AA	5,3,2,3,3	2,1,0,0,0	3,2,2,3,3
11	71707489	71707489	T	C	3	3	0	22	3	3	0	22	0	0	0	0	0	0.046	0.046	0	0.338	0.12	0.12	0	0.88	0	0	0	0	0	2.67	2	1	0	0	ncRNA	unknown	0.912	RNF121	NA		100007,100011,100017	CC,CC,CC	3,2,3	0,0,0	3,2,3
12	6562293	6562293	C	T	5	3	2	22	5	3	2	22	0	0	0	0	0	0.077	0.046	0.031	0.338	0.2	0.12	0.08	0.88	0	0	0	0	0	8.4	5	0.63	0	0	nonsynonymous SNV	unknown	0.213	TAPBPL	NA		100007,100011,100017,100021,100024	CT,TT,CT,TT,TT	10,9,6,5,12	5,0,4,1,6	5,9,2,4,6
17	72838649	72838649	C	A	5	5	0	20	5	5	0	20	0	0	0	0	0	0.077	0.077	0	0.308	0.2	0.2	0	0.8	0	0	0	0	0	3.4	3	0.9	0	0	nonsynonymous SNV	unknown	0.312	GRIN2C	NA		100007,100018,100019,100021,100023	AA,AA,AA,AA,AA	3,3,4,4,3	0,0,1,1,0	3,3,3,3,3
20	1559259	1559259	C	T	9	3	6	22	6	3	3	22	3	0	3	0	0	0.138	0.046	0.092	0.338	0.24	0.12	0.12	0.88	0.075	0	0.075	0	0	44.67	22	0.52	0	0	nonsynonymous SNV	unknown	0.026	SIRPB1	NA		100007,100013,100014,100018,100022,100024,51,56,65	TT,TT,CT,CT,TT,CT,CT,CT,CT	28,22,48,56,26,48,50,63,61	8,5,26,38,8,26,28,42,29	19,17,22,18,18,22,22,20,31
20	61878950	61878950	A	C	4	3	1	22	4	3	1	22	0	0	0	0	0	0.062	0.046	0.015	0.338	0.16	0.12	0.04	0.88	0	0	0	0	0	7	3	0.79	0	0	nonsynonymous SNV	unknown	0.460	NKAIN4	NA		100007,100012,100017,100018	CC,AC,CC,CC	11,9,5,3	1,5,1,0	10,4,4,3
1	26694245	26694245	T	C	4	3	1	22	3	3	0	22	1	0	1	0	0	0.062	0.046	0.015	0.338	0.12	0.12	0	0.88	0.025	0	0.025	0	0	8.25	3	0.9	0	0	nonsynonymous SNV	unknown	0.425	ZNF683	NA		100008,100010,100014,57	CC,CC,CC,TC	15,5,3,10	0,0,0,4	15,5,3,6
1	90459982	90459982	G	A	4	4	0	21	4	4	0	21	0	0	0	0	0	0.062	0.062	0	0.323	0.16	0.16	0	0.84	0	0	0	0	0	3	2	0.92	0	0	ncRNA	unknown	0.922	GEMIN8P4	NA		100008,100009,100014,100020	AA,AA,AA,AA	2,3,3,4	0,1,0,0	2,2,3,4
1	202122613	202122613	C	T	3	3	0	22	3	3	0	22	0	0	0	0	0	0.046	0.046	0	0.338	0.12	0.12	0	0.88	0	0	0	0	0	2	2	1	0	0	ncRNA	unknown	0.592	PTPN7	NA		100008,100012,100013	TT,TT,TT	2,2,2	0,0,0	2,2,2
1	248059476	248059476	A	C	10	7	3	18	8	7	1	18	2	0	2	0	0	0.154	0.108	0.046	0.277	0.32	0.28	0.04	0.72	0.05	0	0.05	0	0	68.1	45	0.69	0	0	nonsynonymous SNV	unknown	0.559	OR2W3	NA		100008,100009,100010,100011,100012,100013,100019,100023,58,65	CC,CC,AC,CC,CC,CC,CC,CC,AC,AC	77,67,74,45,60,86,56,58,99,59	13,11,44,8,7,15,17,10,59,36	63,56,28,37,52,71,39,48,40,20
2	9528536	9528536	G	C	12	4	8	21	6	4	2	21	6	0	6	0	0	0.185	0.062	0.123	0.323	0.24	0.16	0.08	0.84	0.15	0	0.15	0	0	26.33	12	0.51	0	0	nonsynonymous SNV	unknown	0.453	ASAP2	NA		100008,100011,100014,100015,100023,100024,20,63,64,65,66,6	CC,CC,CC,GC,CC,GC,GC,GC,GC,GC,GC,GC	33,32,25,23,27,42,12,27,19,30,21,25	5,11,5,17,9,28,7,14,12,17,12,13	28,21,20,6,18,14,5,13,7,12,8,12
2	130910847	130910847	G	A	3	3	0	22	3	3	0	22	0	0	0	0	0	0.046	0.046	0	0.338	0.12	0.12	0	0.88	0	0	0	0	0	4.33	2	0.82	0	0	ncRNA	unknown	0.328	SMPD4	NA		100008,100012,100019	AA,AA,AA	7,2,4	2,0,1	5,2,3
3	13977703	13977703	A	C	3	3	0	22	3	3	0	22	0	0	0	0	0	0.046	0.046	0	0.338	0.12	0.12	0	0.88	0	0	0	0	0	3	3	0.89	0	0	ncRNA	unknown	1.000	LOC100132526	NA		100008,100018,100021	CC,CC,CC	3,3,3	1,0,0	2,3,3
6	7986847	7986847	G	A	13	3	10	22	8	3	5	22	5	0	5	0	0	0.2	0.046	0.154	0.338	0.32	0.12	0.2	0.88	0.125	0	0.125	0	0	13.62	7	0.65	0	0	ncRNA	unknown	0.353	MUTED-TXNDC5,PIP5K1P1	NA		100008,100009,100012,100013,100017,100019,100021,100024,16,17,22,58,59	GA,GA,GA,AA,AA,GA,GA,AA,GA,GA,GA,GA,GA	18,15,17,15,13,7,11,13,10,15,15,13,15	8,8,4,2,2,1,5,0,6,5,9,4,10	10,7,13,13,11,6,6,13,4,10,6,9,5
16	71419595	71419595	A	G	9	4	5	21	6	4	2	21	3	0	3	0	0	0.138	0.062	0.077	0.323	0.24	0.16	0.08	0.84	0.075	0	0.075	0	0	13.44	7	0.73	0	0	ncRNA	unknown	0.683	CALB2	NA		100008,100011,100016,100017,100023,100025,23,25,4	AG,GG,GG,GG,AG,GG,AG,AG,AG	10,9,18,20,12,11,18,16,7	5,0,2,0,6,1,7,6,3	5,9,16,20,6,10,11,10,4
17	79174221	79174221	T	C	3	3	0	22	3	3	0	22	0	0	0	0	0	0.046	0.046	0	0.338	0.12	0.12	0	0.88	0	0	0	0	0	4.33	3	0.78	0	0	nonsynonymous SNV	unknown	0.931	AZI1	NA		100008,100015,100025	CC,CC,CC	4,3,6	0,1,2	4,2,4
19	58864867	58864867	A	G	3	3	0	22	3	3	0	22	0	0	0	0	0	0.046	0.046	0	0.338	0.12	0.12	0	0.88	0	0	0	0	0	7.67	6	0.92	0	0	ncRNA	unknown	0.870	A1BG-AS1	NA		100008,100012,100014	GG,GG,GG	9,6,8	1,0,1	8,6,6
7	64534151	64534151	T	C	3	3	0	22	3	3	0	22	0	0	0	0	0	0.046	0.046	0	0.338	0.12	0.12	0	0.88	0	0	0	0	0	3.67	3	0.78	0	0	ncRNA	unknown	0.499	CCT6P3	NA		100009,100015,100017	CC,CC,CC	3,3,5	1,1,0	2,2,5
8	67592152	67592152	T	C	4	3	1	22	3	3	0	22	1	0	1	0	0	0.062	0.046	0.015	0.338	0.12	0.12	0	0.88	0.025	0	0.025	0	0	22.25	16	0.8	0	0	nonsynonymous SNV	unknown	0.189	C8orf44	NA		100009,100014,100018,35	CC,CC,CC,TC	16,23,22,28	3,2,2,12	13,21,20,16
14	19558644	19558644	T	C	4	3	1	22	4	3	1	22	0	0	0	0	0	0.062	0.046	0.015	0.338	0.16	0.12	0.04	0.88	0	0	0	0	0	7	4	0.88	0	0	ncRNA	unknown	0.585	POTEG	NA		100009,100014,100016,100017	CC,CC,TC,CC	4,4,11,9	0,0,4,1	3,4,7,8
19	49141532	49141532	T	C	3	3	0	22	3	3	0	22	0	0	0	0	0	0.046	0.046	0	0.338	0.12	0.12	0	0.88	0	0	0	0	0	4	2	1	0	0	ncRNA	unknown	0.733	SEC1	NA		100009,100020,100024	CC,CC,CC	2,3,7	0,0,0	2,3,7
21	46021335	46021335	G	A	3	3	0	22	3	3	0	22	0	0	0	0	0	0.046	0.046	0	0.338	0.12	0.12	0	0.88	0	0	0	0	0	2.67	2	0.89	0	0	nonsynonymous SNV	unknown	0.052	KRTAP10-7	NA		100009,100014,100019	AA,AA,AA	3,2,3	1,0,0	2,2,3
7	126410171	126410171	G	C	5	3	2	22	4	3	1	22	1	0	1	0	0	0.077	0.046	0.031	0.338	0.16	0.12	0.04	0.88	0.025	0	0.025	0	0	9.6	7	0.79	0	0	ncRNA	unknown	0.251	GRM8	NA		100010,100020,100021,100024,40	CC,GC,CC,CC,GC	7,8,9,8,16	0,2,0,1,11	7,6,9,7,5
11	67564197	67564197	T	C	3	3	0	22	3	3	0	22	0	0	0	0	0	0.046	0.046	0	0.338	0.12	0.12	0	0.88	0	0	0	0	0	3	2	0.93	0	0	ncRNA	unknown	0.995	LOC645332	NA		100010,100011,100025	CC,CC,CC	2,2,5	0,0,1	2,2,4
13	24895559	24895559	A	G	4	3	1	22	3	3	0	22	1	0	1	0	0	0.062	0.046	0.015	0.338	0.12	0.12	0	0.88	0.025	0	0.025	0	0	4.25	2	0.75	0	0	nonsynonymous SNV	unknown	0.650	C1QTNF9	NA		100010,100011,100015,7	GG,GG,GG,AG	2,4,3,8	0,2,0,4	2,2,3,4
14	24507010	24507010	C	A	3	3	0	22	3	3	0	22	0	0	0	0	0	0.046	0.046	0	0.338	0.12	0.12	0	0.88	0	0	0	0	0	3.67	3	0.89	0	0	nonsynonymous SNV	unknown	0.270	DHRS4L1	NA		100010,100016,100025	AA,AA,AA	3,4,4	1,0,0	2,4,4
16	88783100	88783100	T	C	8	3	5	22	4	3	1	22	4	0	4	0	0	0.123	0.046	0.077	0.338	0.16	0.12	0.04	0.88	0.1	0	0.1	0	0	12.5	7	0.67	0	0	nonsynonymous SNV	unknown	0.175	FAM38A	NA		100010,100012,100013,100024,16,57,58,6	TC,CC,CC,CC,TC,TC,TC,TC	13,7,10,21,14,11,16,8	6,1,0,0,7,6,10,3	7,6,10,21,7,5,6,5
17	34325532	34325532	T	C	3	3	0	22	3	3	0	22	0	0	0	0	0	0.046	0.046	0	0.338	0.12	0.12	0	0.88	0	0	0	0	0	3.67	3	1	0	0	ncRNA	unknown	0.675	CCL14-CCL15	NA		100010,100011,100014	CC,CC,CC	4,4,3	0,0,0	4,4,3
22	21329123	21329123	A	G	6	5	1	20	5	5	0	20	1	0	1	0	0	0.092	0.077	0.015	0.308	0.2	0.2	0	0.8	0.025	0	0.025	0	0	9.33	7	0.65	0	0	ncRNA	unknown	0.583	AIFM3	NA		100010,100015,100016,100018,100024,6	GG,GG,GG,GG,GG,AG	9,7,8,10,15,7	2,4,2,3,3,4	7,3,6,7,12,3
1	40533315	40533315	T	G	3	3	0	22	3	3	0	22	0	0	0	0	0	0.046	0.046	0	0.338	0.12	0.12	0	0.88	0	0	0	0	0	6.33	5	0.67	0	0	nonsynonymous SNV	unknown	1.000	CAP1	NA		100011,100015,100017	GG,GG,GG	7,7,5	3,4,0	4,3,5
3	111996554	111996554	T	C	6	3	3	22	4	3	1	22	2	0	2	0	0	0.092	0.046	0.046	0.338	0.16	0.12	0.04	0.88	0.05	0	0.05	0	0	18.17	15	0.48	0	0	nonsynonymous SNV	unknown	0.280	SLC9A10	NA		100011,100012,100013,100015,40,63	TC,CC,CC,CC,TC,TC	16,17,15,15,23,23	11,5,6,4,15,16	5,11,9,8,6,7
6	32489835	32489835	C	G	4	3	1	22	3	3	0	22	1	0	1	0	0	0.062	0.046	0.015	0.338	0.12	0.12	0	0.88	0.025	0	0.025	0	0	4.5	3	0.74	0	0	nonsynonymous SNV	unknown	unknown	HLA-DRB5	NA		100011,100016,100020,34	GG,GG,GG,CG	7,4,3,4	2,1,0,2	5,3,3,2
8	72836429	72836429	T	G	3	3	0	22	3	3	0	22	0	0	0	0	0	0.046	0.046	0	0.338	0.12	0.12	0	0.88	0	0	0	0	0	3	2	1	0	0	ncRNA	unknown	0.988	LOC100132891	NA		100011,100013,100020	GG,GG,GG	2,5,2	0,0,0	2,5,2
15	65235776	65235776	A	G	6	3	3	22	5	3	2	22	1	0	1	0	0	0.092	0.046	0.046	0.338	0.2	0.12	0.08	0.88	0.025	0	0.025	0	0	37	7	0.55	0	0	nonsynonymous SNV	unknown	0.203	ANKDD1A	NA		100011,100012,100017,100018,100025,46	AG,GG,GG,GG,AG,AG	45,45,49,30,46,7	34,9,20,13,20,3	11,36,28,16,25,4
22	40058186	40058186	A	G	3	3	0	22	3	3	0	22	0	0	0	0	0	0.046	0.046	0	0.338	0.12	0.12	0	0.88	0	0	0	0	0	3.67	2	1	0	0	nonsynonymous SNV	unknown	0.671	CACNA1I	NA		100011,100017,100024	GG,GG,GG	3,2,6	0,0,0	3,2,6
7	141429515	141429515	G	A	3	3	0	22	3	3	0	22	0	0	0	0	0	0.046	0.046	0	0.338	0.12	0.12	0	0.88	0	0	0	0	0	4	2	1	0	0	ncRNA	unknown	0.330	FLJ40852	NA		100012,100022,100024	AA,AA,AA	5,2,5	0,0,0	5,2,5
8	144816759	144816759	C	T	9	3	6	22	5	3	2	22	4	0	4	0	0	0.138	0.046	0.092	0.338	0.2	0.12	0.08	0.88	0.1	0	0.1	0	0	20.44	4	0.71	0	0	ncRNA	unknown	0.192	LOC100128338	NA		100012,100015,100017,100023,100024,22,46,51,5	CT,TT,TT,TT,CT,CT,CT,CT,CT	4,4,10,16,10,10,101,21,8	2,0,0,1,3,3,54,14,2	2,4,10,15,7,7,47,7,6
16	88502505	88502505	A	G	4	4	0	21	4	4	0	21	0	0	0	0	0	0.062	0.062	0	0.323	0.16	0.16	0	0.84	0	0	0	0	0	2.5	2	0.94	0	0	nonsynonymous SNV	unknown	0.996	ZNF469	NA		100012,100013,100021,100023	GG,GG,GG,GG	2,2,2,4	0,0,0,1	2,2,2,3
1	40533287	40533287	T	G	3	3	0	22	3	3	0	22	0	0	0	0	0	0.046	0.046	0	0.338	0.12	0.12	0	0.88	0	0	0	0	0	4.67	2	0.96	0	0	nonsynonymous SNV	unknown	1.000	CAP1	NA		100013,100016,100017	GG,GG,GG	2,8,4	0,1,0	2,7,4
6	29709636	29709636	C	G	4	3	1	22	4	3	1	22	0	0	0	0	0	0.062	0.046	0.015	0.338	0.16	0.12	0.04	0.88	0	0	0	0	0	3.75	2	0.89	0	0	ncRNA	unknown	0.840	LOC285830	NA		100013,100015,100017,100023	GG,GG,CG,GG	2,5,4,4	0,1,1,0	2,4,3,4
8	94407211	94407211	T	C	3	3	0	22	3	3	0	22	0	0	0	0	0	0.046	0.046	0	0.338	0.12	0.12	0	0.88	0	0	0	0	0	2	2	1	0	0	ncRNA	unknown	0.796	LOC642924	NA		100014,100020,100023	CC,CC,CC	2,2,2	0,0,0	2,2,2
15	81624768	81624768	C	T	3	3	0	22	3	3	0	22	0	0	0	0	0	0.046	0.046	0	0.338	0.12	0.12	0	0.88	0	0	0	0	0	3.33	2	0.82	0	0	nonsynonymous SNV	unknown	0.836	TMC3	NA		100014,100021,100025	TT,TT,TT	2,5,3	0,1,1	2,4,2
22	43610207	43610207	A	G	4	4	0	21	4	4	0	21	0	0	0	0	0	0.062	0.062	0	0.323	0.16	0.16	0	0.84	0	0	0	0	0	9.5	7	0.51	0	0	nonsynonymous SNV	unknown	0.421	SCUBE1	NA		100014,100021,100024,100025	GG,GG,GG,GG	9,8,14,7	4,3,9,3	5,4,5,4
19	7831700	7831700	G	C	4	4	0	21	4	4	0	21	0	0	0	0	0	0.062	0.062	0	0.323	0.16	0.16	0	0.84	0	0	0	0	0	5.5	3	0.8	0	0	ncRNA	unknown	0.782	CLEC4M	NA		100015,100018,100019,100024	CC,CC,CC,CC	6,7,6,3	0,2,1,1	6,5,5,2
14	105414790	105414790	A	G	10	3	7	22	6	3	3	22	4	0	4	0	0	0.154	0.046	0.108	0.338	0.24	0.12	0.12	0.88	0.1	0	0.1	0	0	8.8	3	0.58	0	0	nonsynonymous SNV	unknown	0.564	AHNAK2	NA		100016,100017,100018,100019,100021,100022,23,31,35,56	AG,AG,AG,GG,GG,GG,AG,AG,AG,AG	13,5,6,3,9,8,9,9,10,16	6,2,3,0,3,3,2,5,6,11	7,3,3,3,6,5,6,4,4,5
10	47138604	47138604	T	G	3	3	0	22	3	3	0	22	0	0	0	0	0	0.046	0.046	0	0.338	0.12	0.12	0	0.88	0	0	0	0	0	2.67	2	0.89	0	0	ncRNA	unknown	0.944	LOC643650	NA		100017,100020,100023	GG,GG,GG	2,3,3	0,1,0	2,2,3
